"108年01月28日 價格指數(臺灣證券交易所)"
"指數","收盤指數","漲跌(+/-)","漲跌點數","漲跌百分比(%)","特殊處理註記",
"寶島股價指數","11,464.32","+","49.73","0.44","",
"發行量加權股價指數","10,013.33","+","43.72","0.44","",
"臺灣公司治理100指數","5,690.48","+","28.37","0.50","",
"臺灣50指數","7,519.19","+","36.06","0.48","",
"臺灣中型100指數","7,243.79","+","23.96","0.33","",
"臺灣資訊科技指數","9,636.38","+","88.91","0.93","",
"臺灣發達指數","7,854.74","-","0.99","-0.01","",
"臺灣高股息指數","5,894.12","+","18.96","0.32","",
"臺灣就業99指數","5,996.87","+","15.78","0.26","",
"臺灣高薪100指數","5,587.82","+","20.38","0.37","",
"臺灣低波動高股息指數","1,575.94","+","1.39","0.09","",
"未含金融保險股指數","8,412.26","+","37.78","0.45","",
"未含電子股指數","14,225.78","+","48.83","0.34","",
"未含金融電子股指數","12,085.57","+","40.50","0.34","",
"小型股300指數","5,964.59","+","30.86","0.52","",
"水泥窯製類指數","503.59","+","3.31","0.66","",
"塑膠化工類指數","883.24","+","1.37","0.16","",
"機電類指數","2,254.96","+","12.15","0.54","",
"水泥類指數","135.43","+","0.89","0.66","",
"食品類指數","1,668.40","-","8.43","-0.50","",
"塑膠類指數","281.88","+","0.18","0.06","",
"紡織纖維類指數","519.51","+","0.99","0.19","",
"電機機械類指數","171.54","+","1.86","1.10","",
"電器電纜類指數","47.72","-","0.11","-0.23","",
"化學生技醫療類指數","94.81","+","0.56","0.59","",
"化學類指數","103.92","+","0.58","0.56","",
"生技醫療類指數","59.01","+","0.37","0.63","",
"玻璃陶瓷類指數","35.30","+","0.23","0.66","",
"造紙類指數","187.56","+","0.83","0.44","",
"鋼鐵類指數","108.41","+","0.19","0.18","",
"橡膠類指數","253.79","+","0.14","0.06","",
"汽車類指數","212.61","+","1.37","0.65","",
"電子類指數","400.25","+","2.09","0.52","",
"半導體類指數","155.18","+","1.56","1.02","",
"電腦及週邊設備類指數","87.99","+","0.41","0.47","",
"光電類指數","35.64","-","0.06","-0.17","",
"通信網路類指數","119.70","-","0.40","-0.33","",
"電子零組件類指數","91.75","-","0.15","-0.16","",
"電子通路類指數","111.03","+","0.28","0.25","",
"資訊服務類指數","92.92","+","0.10","0.11","",
"其他電子類指數","70.88","+","0.22","0.31","",
"建材營造類指數","270.02","+","1.17","0.44","",
"航運類指數","63.85"," ","--","--","",
"觀光類指數","103.44","+","1.09","1.06","",
"金融保險類指數","1,199.38","+","4.34","0.36","",
"貿易百貨類指數","250.97","+","0.54","0.22","",
"油電燃氣類指數","139.43","+","1.81","1.32","",
"其他類指數","253.02","-","0.02","-0.01","",
"臺指日報酬兩倍指數","14,154.04","+","123.06","0.88","",
"臺指日報酬反向一倍指數","7,707.85","-","33.95","-0.44","",
"電子類兩倍槓桿指數","10,418.30","+","108.24","1.05","",
"電子類反向指數","8,485.25","-","44.78","-0.52","",
"價格指數(跨市場)"
"指數","收盤指數","漲跌(+/-)","漲跌點數","漲跌百分比(%)","特殊處理註記",
"臺灣生技指數","4,946.77","+","19.58","0.40","",
"臺灣中小型公司治理指數","4,962.27","+","37.42","0.76","",
"臺灣IPO指數","4,669.50","+","9.31","0.20","",
"價格指數(臺灣指數公司)"
"指數","收盤指數","漲跌(+/-)","漲跌點數","漲跌百分比(%)","特殊處理註記",
"臺灣永續指數","4,862.76","+","24.70","0.51","",
"漲升股利150指數","5,744.07","+","10.89","0.19","",
"漲升股利100指數","5,751.32","+","12.33","0.21","",
"藍籌30指數","5,286.95","+","18.88","0.36","",
"工業菁英30指數","5,562.02","+","15.58","0.28","",
"電子菁英30指數","5,323.65","-","1.29","-0.02","",
"低波動精選30指數","5,725.52","+","16.62","0.29","",
"低貝塔100指數","5,331.30","-","7.54","-0.14","",
"中小型精選50指數","5,304.51","+","7.79","0.15","",
"中小型A級動能50指數","5,517.81","+","11.02","0.20","",
"特選高息低波指數","4,854.59","+","18.03","0.37","",
"特選內需高收益指數","5,200.47","-","13.56","-0.26","",
"價值投資指數","5,209.13","+","3.74","0.07","",
"中小型300指數","5,257.41","+","23.06","0.44","",
"藍籌30反向一倍指數","9,103.20","-","32.74","-0.36","",
"工業菁英30反向一倍指數","10,057.36","-","28.33","-0.28","",
"金融類日報酬兩倍指數","17,612.98","+","127.01","0.73","",
"金融類日報酬反向一倍指數","7,047.50","-","25.69","-0.36","",
"報酬指數(臺灣證券交易所)"
"報酬指數","收盤指數","漲跌(+/-)","漲跌點數","漲跌百分比(%)","特殊處理註記",
"寶島股價報酬指數","13,789.73","+","59.82","0.44","",
"發行量加權股價報酬指數","17,864.67","+","78.01","0.44","",
"臺灣公司治理100報酬指數","6,705.60","+","33.43","0.50","",
"臺灣50報酬指數","13,561.58","+","65.05","0.48","",
"臺灣中型100報酬指數","12,098.59","+","40.01","0.33","",
"臺灣資訊科技報酬指數","16,476.34","+","152.02","0.93","",
"臺灣發達報酬指數","12,742.60","-","1.60","-0.01","",
"臺灣高股息報酬指數","12,335.36","+","39.68","0.32","",
"臺灣就業99報酬指數","7,961.14","+","20.96","0.26","",
"臺灣高薪100報酬指數","6,690.69","+","24.41","0.37","",
"臺灣低波動高股息報酬指數","3,741.26","+","3.31","0.09","",
"未含金融電子股報酬指數","21,795.82","+","73.04","0.34","",
"小型股300報酬指數","6,752.49","+","34.95","0.52","",
"水泥類報酬指數","211.68","+","1.40","0.67","",
"食品類報酬指數","2,247.54","-","11.35","-0.50","",
"塑膠類報酬指數","419.79","+","0.26","0.06","",
"紡織纖維類報酬指數","729.86","+","1.39","0.19","",
"電機機械類報酬指數","233.82","+","2.53","1.09","",
"電器電纜類報酬指數","60.74","-","0.14","-0.23","",
"化學生技醫療類報酬指數","131.69","+","0.78","0.60","",
"化學類報酬指數","151.12","+","0.85","0.57","",
"生技醫療類報酬指數","75.82","+","0.48","0.64","",
"玻璃陶瓷類報酬指數","39.39","+","0.25","0.64","",
"造紙類報酬指數","251.41","+","1.12","0.45","",
"鋼鐵類報酬指數","154.60","+","0.27","0.17","",
"橡膠類報酬指數","357.94","+","0.19","0.05","",
"汽車類報酬指數","297.97","+","1.92","0.65","",
"電子類報酬指數","652.20","+","3.41","0.53","",
"半導體類報酬指數","240.87","+","2.42","1.01","",
"電腦及週邊設備類報酬指數","155.51","+","0.72","0.47","",
"光電類報酬指數","46.76","-","0.08","-0.17","",
"通信網路類報酬指數","217.50","-","0.74","-0.34","",
"電子零組件類報酬指數","147.28","-","0.24","-0.16","",
"電子通路類報酬指數","206.91","+","0.52","0.25","",
"資訊服務類報酬指數","175.55","+","0.19","0.11","",
"其他電子類報酬指數","95.63","+","0.30","0.31","",
"建材營造類報酬指數","441.63","+","1.91","0.43","",
"航運類報酬指數","83.42","+","0.01","0.01","",
"觀光類報酬指數","127.43","+","1.34","1.06","",
"金融保險類報酬指數","1,761.48","+","6.37","0.36","",
"貿易百貨類報酬指數","346.15","+","0.75","0.22","",
"油電燃氣類報酬指數","194.70","+","2.52","1.31","",
"其他類報酬指數","376.04","-","0.02","-0.01","",
"報酬指數(跨市場)"
"報酬指數","收盤指數","漲跌(+/-)","漲跌點數","漲跌百分比(%)","特殊處理註記",
"臺灣生技報酬指數","5,095.04","+","20.17","0.40","",
"臺灣中小型公司治理報酬指數","5,430.11","+","40.96","0.76","",
"臺灣IPO報酬指數","4,783.84","+","9.54","0.20","",
"報酬指數(臺灣指數公司)"
"報酬指數","收盤指數","漲跌(+/-)","漲跌點數","漲跌百分比(%)","特殊處理註記",
"臺灣永續報酬指數","5,268.82","+","26.76","0.51","",
"漲升股利150報酬指數","6,487.22","+","12.31","0.19","",
"漲升股利100報酬指數","6,497.31","+","13.92","0.21","",
"藍籌 30 報酬指數","5,736.06","+","20.48","0.36","",
"工業菁英 30 報酬指數","6,041.52","+","16.93","0.28","",
"電子菁英 30 報酬指數","5,731.44","-","1.39","-0.02","",
"低波動精選 30 報酬指數","6,262.99","+","18.18","0.29","",
"低貝塔 100 報酬指數","5,826.04","-","8.24","-0.14","",
"中小型精選50報酬指數","5,839.50","+","8.58","0.15","",
"中小型A級動能50報酬指數","5,813.72","+","11.61","0.20","",
"特選高息低波報酬指數","5,346.74","+","19.87","0.37","",
"特選內需高收益報酬指數","5,510.67","-","14.38","-0.26","",
"價值投資報酬指數","5,510.58","+","3.95","0.07","",
"存股雙十等權重報酬指數","5,034.86","+","11.28","0.22","",
"特選大蘋果報酬指數","5,049.84","-","0.43","-0.01","",
"中小型300報酬指數","5,257.41","+","23.06","0.44","",
"特股高息20報酬指數","--","","--","--","",
"台灣500報酬指數","--","","--","--","",
"108年01月28日 大盤統計資訊"
"成交統計","成交金額(元)","成交股數(股)","成交筆數",
"1.一般股票","86,179,086,917","1,722,980,672","735,363",
"2.台灣存託憑證","10,143,422","3,723,948","654",
"3.受益憑證","0","0","0",
"4.ETF","7,542,160,795","470,338,634","55,851",
"5.受益證券","14,734,170","1,173,000","105",
"6.變更交易股票","20,301,474","14,385,549","1,372",
"7.認購(售)權證","1,863,764,770","1,658,447,000","60,606",
"8.轉換公司債","0","0","0",
"9.附認股權特別股","0","0","0",
"10.附認股權公司債","0","0","0",
"11.認股權憑證","0","0","0",
"12.公司債","0","0","0",
"13.ETN","0","0","0",
"證券合計(1+6)","86,199,388,391","1,737,366,221","736,735",
"總計(1~13)","95,630,191,548","3,871,048,803","853,951",
"漲跌證券數合計"
"類型","整體市場","股票",
"上漲(漲停)","3,561(9)","454(7)",
"下跌(跌停)","3,194(44)","290(1)",
"持平","749","169",
"未成交","8,608","7",
"無比價","1,096","7",
"備註:"
""漲跌價差"為當日收盤價與前一日收盤價比較。",
""無比價"含前一日無收盤價、當日除權、除息、新上市、恢復交易者。",
"外幣成交值係以本公司當日下午3時30分公告匯率換算後加入成交金額。<br>公告匯率請參考本公司首頁>交易資訊>雙幣ETF專區>代號對應及每日公告匯率。",

"108年01月28日每日收盤行情(全部(不含權證、牛熊證))"
"(元,股)",,,,,,,,,,,"(元,交易單位)",,,,,
"證券代號","證券名稱","成交股數","成交筆數","成交金額","開盤價","最高價","最低價","收盤價","漲跌(+/-)","漲跌價差","最後揭示買價","最後揭示買量","最後揭示賣價","最後揭示賣量","本益比",
="0050","元大台灣50","3,825,143","1,795","287,814,225","75.15","75.45","75.05","75.15","+","0.15","75.10","282","75.15","6","0.00",
="0051","元大中型100","14,512","13","425,498","29.31","29.35","29.26","29.34","+","0.18","29.28","2","29.35","1","0.00",
="0052","富邦科技","106,000","16","5,331,650","50.20","50.40","50.20","50.40","+","0.45","50.15","6","50.60","1","0.00",
="0053","元大電子","8,000","6","253,170","31.75","31.75","31.60","31.60","+","0.10","31.58","5","31.70","2","0.00",
="0054","元大台商50","5,000","5","102,100","20.45","20.49","20.38","20.39","+","0.10","20.31","20","20.47","20","0.00",
="0055","元大MSCI金融","21,000","10","350,350","16.76","16.76","16.65","16.70","+","0.09","16.70","25","16.75","3","0.00",
="0056","元大高股息","11,250,601","3,625","281,732,070","24.90","25.10","24.90","25.01","+","0.11","25.01","236","25.02","97","0.00",
="0057","富邦摩台","20,000","4","942,200","47.20","47.20","47.10","47.10","+","0.12","46.90","20","47.28","25","0.00",
="0058","富邦發達","21,000","4","899,800","43.00","43.00","42.84","42.84","+","0.20","42.62","1","43.22","1","0.00",
="0059","富邦金融","2,000","2","84,180","42.09","42.09","42.09","42.09","+","0.27","42.10","1","43.00","1","0.00",
="0061","元大寶滬深","1,508,250","339","23,440,362","15.53","15.61","15.47","15.51","+","0.03","15.48","1","15.51","5","0.00",
="006203","元大MSCI台灣","3,000","2","104,700","34.90","34.90","34.90","34.90","+","0.32","34.74","20","34.90","1","0.00",
="006204","永豐臺灣加權","3,000","3","149,040","49.60","49.81","49.60","49.81","+","0.35","49.65","20","49.81","49","0.00",
="006205","富邦上証","2,879,547","459","78,293,221","27.11","27.32","27.04","27.07","-","0.04","27.07","31","27.08","137","0.00",
="006206","元大上證50","1,146,705","307","32,436,120","28.16","28.42","28.12","28.14","+","0.03","28.11","13","28.14","18","0.00",
="006207","FH滬深","205,000","78","4,077,660","19.80","19.98","19.76","19.81","+","0.06","19.80","1","19.81","63","0.00",
="006208","富邦台50","117,971","51","5,075,729","42.88","43.13","42.88","43.13","+","0.47","43.13","10","43.20","6","0.00",
="00625K","富邦上証+R","50,000","2","299,000","5.98","5.98","5.98","5.98","+","0.02","5.93","1","6.03","5","0.00",
="00631L","元大台灣50正2","1,542,000","430","51,623,770","33.49","33.57","33.37","33.49","+","0.21","33.45","4","33.49","164","0.00",
="00632R","元大台灣50反1","83,554,918","4,114","1,072,673,112","12.83","12.86","12.80","12.85","-","0.01","12.84","4,531","12.85","4,878","0.00",
="00633L","富邦上証正2","49,432,100","7,109","1,631,179,400","32.82","33.34","32.65","32.67","-","0.08","32.67","45","32.68","1,090","0.00",
="00634R","富邦上証反1","1,596,000","191","12,216,520","7.69","7.71","7.62","7.71","-","0.02","7.71","20","7.72","597","0.00",
="00635U","元大S&P黃金","1,322,000","302","25,560,030","19.32","19.35","19.32","19.35","+","0.29","19.35","158","19.36","38","0.00",
="00636","國泰中國A50","7,847,394","1,599","142,696,054","18.10","18.28","18.03","18.12","+","0.09","18.11","105","18.12","305","0.00",
="00636K","國泰中國A50+U","100","1","592","5.92","5.92","5.92","5.92","+","0.17","5.87","9","5.90","15","0.00",
="00637L","元大滬深300正2","164,378,823","13,939","2,058,448,800","12.44","12.65","12.39","12.40","-","0.01","12.39","7,643","12.40","1,787","0.00",
="00638R","元大滬深300反1","784,000","154","12,078,410","15.48","15.51","15.36","15.51","-","0.05","15.51","493","15.53","3","0.00",
="00639","富邦深100","3,206,346","326","26,515,525","8.19","8.32","8.18","8.25","+","0.02","8.24","2","8.25","13","0.00",
="00640L","富邦日本正2","637,000","143","11,699,070","18.40","18.43","18.32","18.35","-","0.18","18.35","1","18.36","53","0.00",
="00641R","富邦日本反1","386,000","43","6,074,740","15.69","15.76","15.67","15.75","+","0.09","15.74","4","15.75","38","0.00",
="00642U","元大S&P石油","1,126,348","438","18,636,505","16.56","16.59","16.51","16.51","-","0.11","16.51","60","16.53","21","0.00",
="00643","群益深証中小","980,288","149","10,157,146","10.26","10.42","10.22","10.33","+","0.03","10.32","1","10.34","62","0.00",
="00643K","群益深証中小+R","0","0","0","--","--","--","--"," ","0.00","2.25","10","2.30","10","0.00",
="00645","富邦日本","102,000","17","2,035,990","20.00","20.03","19.95","19.98","-","0.09","19.95","2","19.98","30","0.00",
="00646","元大S&P500","474,000","84","11,645,290","24.62","24.65","24.53","24.60","-","0.01","24.59","2","24.61","1","0.00",
="00647L","元大S&P500正2","115,000","25","3,355,300","29.15","29.24","29.11","29.14","+","0.06","29.16","1","29.21","14","0.00",
="00648R","元大S&P500反1","503,000","145","6,895,780","13.70","13.73","13.70","13.70","-","0.06","13.70","151","13.72","164","0.00",
="00649","FH香港","74,000","21","1,521,230","20.51","20.70","20.51","20.55","+","0.04","20.52","2","20.58","61","0.00",
="00650L","FH香港正2","152,000","52","4,538,340","29.97","30.10","29.72","29.74","+","0.21","29.72","31","29.74","1","0.00",
="00651R","FH香港反1","324,000","76","2,781,500","8.63","8.63","8.56","8.60","-","0.05","8.59","7","8.61","80","0.00",
="00652","富邦印度","132,236","68","2,955,578","22.61","22.61","22.24","22.28","-","0.33","22.24","17","22.28","28","0.00",
="00653L","富邦印度正2","874,000","258","24,191,690","28.31","28.31","27.40","27.47","-","1.00","27.42","3","27.47","11","0.00",
="00654R","富邦印度反1","49,000","13","721,240","14.66","14.78","14.66","14.78","+","0.27","14.78","61","14.81","5","0.00",
="00655L","國泰中國A50正2","15,491,084","2,712","368,706,946","23.68","24.05","23.55","23.55","-","0.02","23.54","32","23.55","1,054","0.00",
="00656R","國泰中國A50反1","214,000","62","3,029,280","14.23","14.24","14.10","14.24","-","0.02","14.24","46","14.26","1","0.00",
="00657","國泰日經225","2,000","2","50,920","25.46","25.46","25.46","25.46","-","0.09","25.42","10","25.46","29","0.00",
="00657K","國泰日經225+U","100","1","825","8.25","8.25","8.25","8.25","+","0.03","8.25","5","8.30","10","0.00",
="00658L","國泰日本正2","6,000","6","179,140","29.95","29.95","29.79","29.79","-","0.45","29.78","30","29.85","100","0.00",
="00659R","國泰日本反1","363,000","25","4,804,730","13.24","13.25","13.22","13.24","+","0.08","13.24","169","13.26","80","0.00",
="00660","元大歐洲50","2,000","2","44,960","22.48","22.48","22.48","22.48"," ","0.00","22.48","1","22.57","13","0.00",
="00661","元大日經225","0","0","0","--","--","--","--"," ","0.00","25.55","10","25.80","1","0.00",
="00662","富邦NASDAQ","174,300","21","4,968,025","28.56","28.56","28.48","28.50","+","0.08","28.46","50","28.50","71","0.00",
="00663L","國泰臺灣加權正2","125,000","44","3,866,610","30.89","31.02","30.85","30.89","+","0.11","30.87","1","30.89","126","0.00",
="00664R","國泰臺灣加權反1","1,923,433","346","27,978,305","14.55","14.59","14.53","14.56","-","0.02","14.56","18","14.57","1,089","0.00",
="00665L","富邦恒生國企正2","156,000","63","4,296,410","27.41","27.74","27.32","27.38","+","0.22","27.38","45","27.39","12","0.00",
="00666R","富邦恒生國企反1","90,000","21","1,217,590","13.62","13.62","13.50","13.58","-","0.09","13.56","50","13.58","49","0.00",
="00668","國泰美國道瓊","36,000","17","960,540","26.64","26.70","26.64","26.67","+","0.04","26.66","7","26.67","9","0.00",
="00668K","國泰美國道瓊+U","100","1","865","8.65","8.65","8.65","8.65","+","0.09","8.65","5","8.70","5","0.00",
="00669R","國泰美國道瓊反1","1,765,000","224","23,865,840","13.51","13.54","13.51","13.54","-","0.02","13.53","25","13.54","148","0.00",
="00670L","富邦NASDAQ正2","228,000","50","6,419,000","28.18","28.20","28.07","28.11","+","0.16","28.11","79","28.16","52","0.00",
="00671R","富邦NASDAQ反1","1,350,000","280","19,547,130","14.47","14.51","14.45","14.51","-","0.04","14.51","10","14.52","142","0.00",
="00672L","元大S&P原油正2","22,610,212","3,455","340,009,753","15.05","15.14","14.97","15.02","-","0.27","15.01","208","15.02","515","0.00",
="00673R","元大S&P原油反1","633,000","140","10,527,410","16.63","16.67","16.57","16.64","+","0.11","16.63","409","16.64","32","0.00",
="00674R","元大S&P黃金反1","31,000","19","597,300","19.26","19.30","19.25","19.26","-","0.31","19.25","2","19.26","52","0.00",
="00675L","富邦臺灣加權正2","374,000","77","4,996,460","13.35","13.42","13.34","13.34","+","0.02","13.34","642","13.35","2","0.00",
="00676R","富邦臺灣加權反1","1,860,424","284","14,666,555","7.90","7.90","7.88","7.89","-","0.02","7.88","446","7.89","43","0.00",
="00677U","富邦VIX","59,187,167","6,740","427,187,983","7.20","7.26","7.18","7.24","-","0.12","7.24","143","7.25","2,604","0.00",
="00678","群益NBI生技","371,666","30","8,241,553","22.10","22.19","22.10","22.19","+","0.13","22.17","3","22.19","5","0.00",
="00680L","元大美債20正2","5,000","3","95,000","19.00","19.00","19.00","19.00","-","0.12","19.00","15","19.05","10","0.00",
="00681R","元大美債20反1","0","0","0","--","--","--","--"," ","0.00","18.57","15","18.63","15","0.00",
="00682U","元大美元指數","7,000","5","131,840","18.83","18.84","18.83","18.84","-","0.13","18.83","15","18.84","1","0.00",
="00683L","元大美元指數正2","35,000","15","641,140","18.31","18.33","18.30","18.30","-","0.27","18.30","30","18.31","6","0.00",
="00684R","元大美元指數反1","11,000","4","216,970","19.72","19.73","19.72","19.72","+","0.12","19.72","16","19.77","2","0.00",
="00685L","群益臺灣加權正2","17,000","13","199,900","11.73","11.78","11.73","11.78","+","0.08","11.74","1","11.75","16","0.00",
="00686R","群益臺灣加權反1","565,000","45","4,852,970","8.59","8.60","8.57","8.58","-","0.04","8.59","2","8.60","1,305","0.00",
="00688L","國泰20年美債正2","100,000","2","1,930,000","19.30","19.30","19.30","19.30","-","0.12","19.30","105","19.38","100","0.00",
="00689R","國泰20年美債反1","122,000","3","2,322,440","19.02","19.04","19.02","19.04","+","0.02","19.00","152","19.10","109","0.00",
="00690","兆豐藍籌30","296,000","38","5,921,700","19.95","20.05","19.94","19.97","+","0.09","19.95","55","19.97","1","0.00",
="00691R","兆豐藍籌30反1","1,000","1","17,100","17.10","17.10","17.10","17.10","-","0.07","17.10","2","17.13","500","0.00",
="00692","富邦公司治理","680,489","298","13,454,153","19.70","19.80","19.70","19.78","+","0.09","19.77","11","19.79","11","0.00",
="00693U","街口S&P黃豆","736,000","157","12,385,130","16.81","16.85","16.81","16.82","+","0.12","16.82","92","16.83","97","0.00",
="00700","富邦恒生國企","132,266","17","2,695,635","20.35","20.46","20.35","20.37","+","0.12","20.34","50","20.39","55","0.00",
="00701","國泰股利精選30","73,052","30","1,536,995","21.06","21.06","21.01","21.05","+","0.07","21.01","3","21.06","3","0.00",
="00702","國泰標普低波高息","148,000","32","2,996,340","20.24","20.27","20.22","20.23","-","0.07","20.23","86","20.27","103","0.00",
="00703","台新MSCI中國","758,000","134","14,769,020","19.29","19.60","19.29","19.45","+","0.16","19.45","9","19.46","26","0.00",
="00706L","元大S&P日圓正2","10,000","4","185,420","18.42","18.56","18.42","18.55","+","0.15","18.49","1","18.55","100","0.00",
="00707R","元大S&P日圓反1","0","0","0","--","--","--","--"," ","0.00","19.81","10","19.88","10","0.00",
="00708L","元大S&P黃金正2","1,549,000","382","27,656,620","17.83","17.92","17.82","17.92","+","0.58","17.91","10","17.92","43","0.00",
="00709","富邦歐洲","116,402","12","2,156,291","18.55","18.55","18.52","18.55","-","0.11","18.53","1","18.54","50","0.00",
="00710B","FH彭博高收益債","130,000","6","2,608,800","20.06","20.07","20.06","20.07"," ","0.00","20.07","1","20.09","10","0.00",
="00711B","FH彭博新興債","136,000","11","2,642,120","19.42","19.43","19.42","19.42","-","0.03","19.41","2","19.42","1","0.00",
="00712","FH富時不動產","127,000","10","2,325,650","18.33","18.33","18.29","18.33","+","0.06","18.31","5","18.33","10","0.00",
="00713","元大台灣高息低波","17,000","15","488,540","28.82","28.82","28.70","28.73","+","0.11","28.73","10","28.80","1","0.00",
="00714","群益道瓊美國地產","103,000","5","2,003,370","19.45","19.46","19.45","19.45","+","0.10","19.34","10","19.44","1","0.00",
="00715L","街口布蘭特油正2","160,000","41","3,041,140","19.04","19.17","18.95","19.00","-","0.26","18.99","3","19.00","8","0.00",
="00716R","華頓S&P布蘭特反1","5,000","4","86,930","17.39","17.42","17.32","17.38","+","0.25","17.35","10","17.40","5","0.00",
="00717","富邦美國特別股","361,152","62","6,890,484","19.08","19.09","19.06","19.07","+","0.04","19.07","9","19.08","8","0.00",
="00728","第一金工業30","755,000","76","13,107,840","17.40","17.40","17.34","17.34"," ","0.00","17.33","3","17.34","5","0.00",
="00729R","第一金工業30反1","602,000","10","12,076,080","20.05","20.08","20.03","20.08","-","0.01","20.05","11","20.09","1","0.00",
="00730","富邦臺灣優質高息","221,250","39","3,975,052","17.95","18.00","17.94","17.94","+","0.03","17.75","5","17.99","5","0.00",
="00731","FH富時高息低波","1,000","1","47,540","47.54","47.54","47.54","47.54","+","0.10","47.42","1","47.70","1","0.00",
="00732","國泰RMB短期報酬","100,000","2","3,972,000","39.72","39.72","39.72","39.72","+","0.13","39.52","26","39.81","25","0.00",
="00733","富邦臺灣中小","238,283","26","3,747,149","15.62","15.76","15.62","15.75","+","0.15","15.70","31","15.75","3","0.00",
="00735","國泰臺韓科技","119,000","6","2,070,610","17.35","17.47","17.35","17.39","+","0.13","17.38","15","17.42","10","0.00",
="00736","國泰新興市場","148,000","12","2,818,400","19.10","19.10","19.04","19.04","+","0.05","18.94","1","19.02","20","0.00",
="00737","國泰AI+Robo","2,808,457","345","54,499,514","19.36","19.44","19.36","19.41","+","0.13","19.39","14","19.41","4","0.00",
="00738U","元大道瓊白銀","1,234,000","243","22,996,300","18.60","18.70","18.59","18.70","+","0.54","18.68","13","18.70","22","0.00",
="00739","元大MSCI A股","1,765,900","331","31,405,928","17.69","17.88","17.68","17.71","+","0.03","17.70","3","17.71","12","0.00",
="00742","新光內需收益","5,000","1","95,000","19.00","19.00","19.00","19.00","+","0.04","18.95","50","18.97","10","0.00",
="00743","國泰中國A150","572,148","105","10,285,679","17.93","18.05","17.86","17.86","-","0.02","17.85","5","17.86","47","0.00",
="00752","中信中國50","718,000","274","16,039,830","22.20","22.46","22.14","22.30","+","0.24","22.25","10","22.30","6","0.00",
="00753L","中信中國50正2","452,097","204","10,797,510","23.55","24.10","23.46","23.84","+","0.44","23.65","11","23.68","1","0.00",
="00757","統一FANG+","374,000","46","7,107,130","19.05","19.05","18.98","19.01","+","0.20","19.01","39","19.03","14","0.00",
="00762","元大全球AI","2,969,370","1,285","59,536,000","20.00","20.08","20.00","20.06","+","0.17","20.06","68","20.07","31","0.00",
="00763U","街口道瓊銅","146,000","86","2,860,760","19.60","19.61","19.55","19.55","+","0.37","19.55","7","19.59","1","0.00",
="00766L","台新MSCI中國正2","2,829,000","353","28,947,650","10.09","10.33","10.09","10.24","+","0.20","10.23","38","10.24","95","0.00",
="00767","FH美國金融股","105,000","7","2,114,860","20.24","20.24","20.10","20.14","+","0.07","20.10","1","20.34","1","0.00",
="008201","BP上證50","1,000","10","91,140","90.80","91.90","90.80","91.10","+","0.20","89.20","1","91.60","1","0.00",
="01001T","土銀富邦R1","10,000","5","149,350","14.93","14.94","14.93","14.94","-","0.01","14.90","3","14.95","3","0.00",
="01002T","土銀國泰R1","35,000","17","534,760","15.28","15.31","15.27","15.31","+","0.03","15.28","2","15.30","4","0.00",
="01003T","兆豐新光R1","101,000","21","1,615,430","15.90","16.10","15.90","16.05","+","0.15","16.05","40","16.10","11","0.00",
="01004T","土銀富邦R2","679,000","26","8,881,450","13.05","13.11","13.05","13.10","+","0.06","13.10","99","13.11","72","0.00",
="01007T","兆豐國泰R2","36,000","7","559,270","15.51","15.56","15.51","15.56","+","0.04","15.52","15","15.56","3","0.00",
="01009T","王道圓滿R1","96,000","17","833,110","8.70","8.75","8.64","8.65","-","0.11","8.65","7","8.70","5","0.00",
="01010T","京城樂富R1","216,000","12","2,160,800","10.00","10.01","10.00","10.01"," ","0.00","10.00","20","10.01","327","0.00",
"1101","台泥","13,642,330","4,446","503,258,210","36.75","37.00","36.70","37.00","+","0.40","36.95","218","37.00","650","10.16",
"1102","亞泥","8,567,247","4,679","309,744,749","36.25","36.35","35.95","36.20"," ","0.00","36.20","301","36.25","38","11.07",
"1103","嘉泥","356,223","135","4,905,558","13.80","13.85","13.70","13.80"," ","0.00","13.75","26","13.80","43","4.88",
"1104","環泥","110,809","93","2,119,547","19.10","19.20","19.05","19.20","+","0.10","19.10","10","19.20","37","10.97",
"1108","幸福","125,961","24","930,434","7.35","7.40","7.35","7.40","+","0.01","7.40","6","7.43","4","0.00",
"1109","信大","34,000","14","475,200","13.90","14.05","13.85","13.85"," ","0.00","13.85","2","13.95","5","6.53",
"1110","東泥","60,550","20","956,195","15.65","16.00","15.50","16.00","+","0.35","15.70","10","16.00","5","64.00",
"1201","味全","302,087","194","6,784,144","22.35","22.60","22.35","22.50","+","0.15","22.45","1","22.50","12","7.12",
"1203","味王","39,326","46","1,024,826","26.00","26.20","25.95","26.20"," ","0.00","26.20","1","26.35","3","14.48",
"1210","大成","1,243,129","853","42,998,613","34.45","34.85","34.35","34.85","+","0.50","34.80","7","34.85","33","11.28",
"1213","大飲","10,600","10","106,140","10.00","10.05","10.00","10.00","+","0.02","10.00","9","10.05","2","0.00",
"1215","卜蜂","1,462,955","930","79,510,532","54.00","54.90","53.60","54.50","+","0.90","54.50","1","54.60","40","14.27",
"1216","統一","6,629,050","3,292","480,781,202","72.80","73.00","72.20","72.50","-","0.80","72.50","193","72.60","2","10.36",
"1217","愛之味","507,091","214","3,532,959","6.95","6.98","6.95","6.96","+","0.02","6.96","14","6.97","15","17.40",
"1218","泰山","388,286","284","6,862,684","17.65","17.80","17.60","17.70","+","0.05","17.70","1","17.75","3","19.45",
"1219","福壽","12,814","26","232,052","18.15","18.15","18.10","18.15"," ","0.00","18.10","2","18.20","7","106.76",
"1220","台榮","84,000","50","896,250","10.70","10.75","10.60","10.70"," ","0.00","10.65","6","10.70","11","22.29",
"1225","福懋油","45,369","27","3,290,544","72.50","73.00","72.20","72.90","X","0.00","72.70","1","73.00","4","90.00",
"1227","佳格","1,114,718","649","55,786,968","50.00","50.30","49.90","50.10","-","0.10","50.10","4","50.20","64","16.01",
"1229","聯華","1,357,814","1,058","40,770,400","30.00","30.20","29.85","30.20","+","0.30","30.10","17","30.20","30","12.18",
"1231","聯華食","120,345","129","4,630,091","38.80","38.80","38.40","38.45","-","0.35","38.45","2","38.50","7","12.82",
"1232","大統益","35,566","40","3,567,732","100.00","100.50","100.00","100.50","+","0.60","100.00","4","100.50","6","19.25",
"1233","天仁","26,001","19","991,838","38.20","38.20","38.05","38.10","-","0.10","38.10","4","38.20","4","18.86",
"1234","黑松","95,591","39","2,861,806","29.95","29.95","29.90","29.95"," ","0.00","29.90","20","29.95","1","18.04",
"1235","興泰","84,458","15","2,277,330","26.90","27.30","26.90","27.30","+","0.25","27.10","1","27.20","2","10.15",
"1236","宏亞","58,613","49","806,594","13.75","13.80","13.75","13.80","+","0.10","13.70","6","13.80","3","0.00",
"1256","鮮活果汁-KY","16,300","15","2,530,500","154.50","155.50","154.50","155.50"," ","0.00","154.50","3","155.50","1","11.62",
"1262","綠悅-KY","1,071,400","723","41,168,640","38.40","39.20","37.50","37.85","+","0.05","37.85","6","37.95","1","0.00",
"1301","台塑","5,830,259","3,277","592,532,274","102.00","102.50","101.00","101.50","-","0.50","101.50","419","102.00","819","10.75",
"1303","南亞","4,215,507","2,212","320,044,432","75.80","76.20","75.60","76.20","+","0.50","75.80","134","76.20","50","9.10",
"1304","台聚","507,494","347","6,009,546","11.85","11.90","11.80","11.85"," ","0.00","11.85","33","11.90","88","14.63",
"1305","華夏","1,861,706","806","43,293,234","23.30","23.45","23.05","23.20","+","0.15","23.20","185","23.25","16","7.68",
"1307","三芳","86,204","67","2,096,627","24.15","24.45","24.15","24.45","+","0.35","24.35","13","24.45","6","28.10",
"1308","亞聚","184,301","184","2,487,530","13.55","13.55","13.45","13.50"," ","0.00","13.50","7","13.55","29","21.09",
"1309","台達化","522,149","353","5,216,498","9.95","10.05","9.92","10.05","+","0.13","10.00","34","10.05","130","5.26",
"1310","台苯","6,761,667","2,208","159,454,917","23.50","23.80","23.25","23.55","+","0.10","23.50","124","23.55","2","9.53",
"1312","國喬","5,163,839","1,938","124,072,036","24.20","24.20","23.90","24.00","-","0.05","24.00","16","24.05","1","5.83",
"1312A","國喬特","108,000","5","3,835,200","35.55","35.70","35.50","35.70"," ","0.00","35.45","1","36.00","1","0.00",
"1313","聯成","1,212,552","529","15,093,536","12.55","12.55","12.40","12.40","-","0.15","12.40","108","12.45","2","11.38",
"1314","中石化","7,386,944","2,199","79,242,869","10.65","10.80","10.65","10.75","+","0.15","10.75","327","10.80","1,084","5.66",
"1315","達新","3,016","18","81,832","27.10","27.15","27.10","27.15","+","0.05","26.80","1","27.05","1","20.11",
"1316","上曜","440,045","256","5,417,076","12.30","12.40","12.25","12.30"," ","0.00","12.30","8","12.35","16","2.23",
"1319","東陽","356,280","304","14,052,665","39.55","39.60","39.30","39.50","-","0.05","39.45","6","39.50","21","11.13",
"1321","大洋","66,001","34","1,706,275","25.90","26.00","25.80","25.80","-","0.10","25.80","2","25.90","9","0.00",
"1323","永裕","186,551","60","6,666,840","35.65","36.20","35.50","36.20","+","0.15","35.80","1","36.20","12","11.17",
"1324","地球","11,023","29","120,703","10.95","10.95","10.95","10.95"," ","0.00","10.95","10","11.00","9","182.50",
"1325","恆大","14,000","13","230,700","16.50","16.50","16.45","16.45","-","0.05","16.45","6","16.50","12","23.17",
"1326","台化","3,354,360","1,630","360,402,688","107.00","108.00","106.50","107.50"," ","0.00","107.00","382","107.50","3","9.93",
"1337","再生-KY","410,855","195","2,743,974","6.65","6.75","6.60","6.70","+","0.07","6.70","9","6.71","2","0.00",
"1338","廣華-KY","163,546","153","12,551,623","76.40","77.00","76.10","76.50","+","0.50","76.50","7","76.70","2","9.71",
"1339","昭輝","16,000","12","561,950","35.00","35.20","34.95","35.20","+","0.30","35.00","5","35.20","6","7.00",
"1340","勝悅-KY","178,366","195","3,096,151","17.30","17.45","17.30","17.40","+","0.10","17.35","9","17.40","5","5.74",
"1341","富林-KY","18,000","14","875,750","48.80","48.80","48.50","48.50","-","0.20","48.20","1","48.50","1","8.33",
"1402","遠東新","6,447,585","2,229","190,997,912","29.60","29.75","29.40","29.70","+","0.15","29.70","322","29.75","125","12.75",
"1409","新纖","1,421,264","466","16,722,378","11.80","11.85","11.70","11.80"," ","0.00","11.75","15","11.80","201","8.43",
"1410","南染","59,558","15","1,441,192","24.20","24.30","24.15","24.20","+","0.20","24.20","21","24.30","3","16.92",
"1413","宏洲","88,000","31","946,850","10.65","10.80","10.65","10.80"," ","0.00","10.80","4","10.85","7","6.14",
"1414","東和","41,016","33","292,982","7.17","7.17","7.12","7.16","+","0.01","7.12","3","7.16","6","79.56",
"1416","廣豐","22,847","37","322,588","14.10","14.20","14.10","14.20","+","0.10","14.15","12","14.20","6","22.90",
"1417","嘉裕","417,911","158","2,027,264","4.81","4.88","4.81","4.87","+","0.06","4.87","9","4.88","48","0.00",
"1418","東華","1,109","63","7,223","6.46","6.46","6.46","6.46","X","0.00","6.30","1","6.86","2","0.00",
"1419","新紡","9,118","17","382,715","42.00","42.05","42.00","42.00","-","0.50","42.00","18","42.10","1","9.05",
"1423","利華","190,096","106","1,950,116","10.30","10.35","10.25","10.35","+","0.05","10.25","46","10.35","48","15.68",
"1432","大魯閣","113,500","70","912,109","8.05","8.09","8.00","8.07","+","0.04","8.04","5","8.07","7","0.00",
"1434","福懋","668,516","447","23,499,406","34.95","35.35","34.95","35.15","+","0.05","35.15","5","35.20","4","11.84",
"1435","中福","47,098","58","256,480","5.43","5.51","5.38","5.49"," ","0.00","5.47","3","5.49","9","0.00",
"1436","華友聯","18,399","13","669,914","36.50","36.75","36.35","36.40"," ","0.00","36.35","5","36.40","5","8.88",
"1437","勤益控","32,999","25","618,231","18.70","18.80","18.70","18.80","-","0.05","18.70","9","18.80","5","14.14",
"1438","裕豐","0","0","0","--","--","--","--"," ","0.00","7.46","5","7.89","1","0.00",
"1439","中和","148,000","96","4,865,300","32.85","33.10","32.65","32.85"," ","0.00","32.80","2","32.85","1","0.00",
"1440","南紡","552,929","167","6,712,682","12.10","12.20","12.10","12.20","+","0.10","12.10","79","12.20","136","15.64",
"1441","大東","99,060","96","1,393,839","14.10","14.20","13.95","14.00","-","0.05","14.00","2","14.05","20","1.14",
"1442","名軒","71,698","52","1,092,728","15.25","15.30","15.20","15.30","+","0.05","15.20","20","15.30","8","18.21",
"1443","立益","7,461","12","51,105","6.85","6.85","6.85","6.85"," ","0.00","6.75","7","6.90","4","0.00",
"1444","力麗","1,164,350","459","11,497,681","9.93","9.93","9.82","9.91","-","0.01","9.87","6","9.91","23","21.09",
"1445","大宇","56,001","25","434,897","7.80","7.82","7.75","7.76","-","0.07","7.76","3","7.79","5","0.00",
"1446","宏和","48,014","38","1,156,134","24.05","24.20","24.00","24.05","-","0.25","24.05","7","24.10","1","0.00",
"1447","力鵬","504,666","106","3,933,264","7.80","7.81","7.77","7.80","+","0.01","7.80","57","7.82","35","11.14",
"1449","佳和","35,010","29","171,910","4.92","4.94","4.87","4.88","-","0.03","4.88","7","4.90","10","162.67",
"1451","年興","102,181","69","2,573,758","25.15","25.25","25.10","25.25","+","0.20","25.25","3","25.30","2","12.50",
"1452","宏益","103,063","118","1,808,547","17.45","17.65","17.45","17.55","+","0.10","17.55","24","17.60","7","10.97",
"1453","大將","152,750","50","1,405,913","9.17","9.32","9.15","9.17","+","0.02","9.17","4","9.25","3","2.40",
"1454","台富","81,001","11","660,078","8.10","8.19","8.10","8.19","-","0.01","8.11","2","8.17","1","40.95",
"1455","集盛","376,450","134","3,390,694","9.04","9.04","8.99","9.00","+","0.01","9.00","19","9.02","16","10.59",
"1456","怡華","8,067","6","55,069","6.79","6.86","6.79","6.86","X","0.00","6.61","5","6.89","6","18.05",
"1457","宜進","220,184","84","2,797,873","12.80","12.80","12.65","12.75","+","0.05","12.70","34","12.75","35","3.45",
"1459","聯發","47,842","25","384,356","8.00","8.04","8.00","8.04","+","0.03","8.02","1","8.04","3","17.11",
"1460","宏遠","197,964","105","2,267,035","11.50","11.50","11.40","11.40"," ","0.00","11.40","30","11.45","46","23.75",
"1463","強盛","200,000","79","2,639,950","13.25","13.25","13.15","13.25","+","0.10","13.15","26","13.25","62","9.20",
"1464","得力","109,598","92","2,222,126","20.20","20.35","20.20","20.25","-","0.05","20.25","22","20.30","1","27.36",
"1465","偉全","14,001","10","196,814","14.05","14.10","14.05","14.10","+","0.10","14.10","1","14.15","1","0.00",
"1466","聚隆","3,035","38","30,335","10.00","10.00","9.95","9.95","-","0.05","9.95","1","9.97","1","0.00",
"1467","南緯","60,001","38","559,030","9.33","9.34","9.29","9.29","-","0.04","9.28","7","9.32","8","0.00",
"1468","昶和","58,000","31","558,780","9.45","9.91","9.45","9.91","+","0.12","9.65","1","9.90","1","247.75",
"1470","大統新創","0","0","0","--","--","--","--"," ","0.00","17.35","2","18.85","1","34.27",
"1471","首利","1,405,094","229","8,275,994","5.89","5.89","5.89","5.89","+","0.53","5.89","610","--","0","0.00",
"1472","三洋紡","454,691","64","13,826,531","30.90","30.90","30.25","30.40","-","0.55","30.30","8","30.50","20","0.00",
"1473","台南","58,000","38","1,026,300","17.75","17.75","17.65","17.70","-","0.05","17.70","6","17.80","9","0.00",
"1474","弘裕","91,017","29","948,675","10.50","10.50","10.40","10.45","-","0.05","10.45","2","10.50","28","12.90",
"1475","本盟","2,210","4","22,520","10.20","10.20","10.20","10.20","-","0.25","10.20","1","10.80","1","0.00",
"1476","儒鴻","579,035","547","197,805,470","341.50","342.50","339.50","341.50"," ","0.00","341.50","108","342.00","1","22.28",
"1477","聚陽","912,934","721","169,856,224","187.00","188.00","185.00","186.50","-","0.50","185.50","6","186.50","15","28.00",
"1503","士電","106,250","73","4,283,796","40.40","40.45","40.25","40.25","-","0.10","40.25","2","40.35","2","14.91",
"1504","東元","5,778,132","2,166","108,184,252","18.55","18.85","18.55","18.85","+","0.35","18.80","26","18.85","383","12.16",
"1506","正道","165,024","59","3,395,930","20.60","20.65","20.40","20.60"," ","0.00","20.40","3","20.60","7","0.00",
"1507","永大","340,649","152","20,307,261","59.60","59.70","59.60","59.70"," ","0.00","59.60","193","59.70","91","32.80",
"1512","瑞利","326,256","171","2,349,628","7.72","7.72","7.02","7.17","-","0.63","7.17","4","7.18","1","0.00",
"1513","中興電","173,160","162","3,425,620","19.85","19.90","19.70","19.80","-","0.05","19.75","5","19.80","18","15.47",
"1514","亞力","663,056","325","8,971,478","13.65","13.65","13.45","13.45","+","0.05","13.45","56","13.50","5","14.16",
"1515","力山","7,573,821","4,861","648,617,591","85.20","87.10","84.00","84.00","-","1.20","83.90","11","84.00","10","57.14",
"1516","川飛","12,038","15","191,045","15.95","15.95","15.80","15.80","-","0.20","15.80","4","15.95","7","23.24",
"1517","利奇","126,555","101","1,252,290","9.90","9.94","9.86","9.91","-","0.01","9.87","10","9.91","12","30.03",
"1519","華城","527,997","291","11,161,734","21.00","21.50","20.90","21.50","+","0.70","21.50","4","21.55","2","0.00",
"1521","大億","35,361","29","1,874,967","53.00","53.50","52.90","53.10","+","0.20","53.00","2","53.10","8","11.11",
"1522","堤維西","213,500","165","5,111,897","23.70","24.10","23.70","24.00","+","0.30","23.95","14","24.00","10","14.04",
"1524","耿鼎","211,053","118","2,136,130","10.10","10.20","10.10","10.10"," ","0.00","10.10","16","10.15","41","9.10",
"1525","江申","235,395","127","14,812,940","62.20","64.00","61.70","63.90","+","1.70","63.70","1","63.90","3","11.11",
"1526","日馳","1,489,919","961","50,539,374","34.00","34.40","33.60","33.70","-","0.05","33.65","24","33.70","1","13.22",
"1527","鑽全","690,525","512","34,099,654","50.00","50.00","49.10","49.30","-","0.40","49.30","4","49.40","3","8.49",
"1528","恩德","287,894","164","2,949,811","10.25","10.35","10.15","10.20"," ","0.00","10.20","13","10.25","7","31.88",
"1529","樂士","9,770","19","149,244","15.40","15.40","15.00","15.00","X","0.00","14.65","1","15.00","1","136.36",
"1530","亞崴","56,522","30","1,696,110","30.00","30.05","29.95","30.05","-","0.10","30.00","5","30.10","2","9.60",
"1531","高林股","65,228","42","1,077,907","16.50","16.60","16.50","16.50"," ","0.00","16.45","17","16.55","8","22.30",
"1532","勤美","1,017,598","601","38,756,541","38.40","38.50","37.75","38.25","+","0.10","38.10","10","38.25","15","9.33",
"1533","車王電","150,000","92","5,439,650","35.90","36.65","35.90","36.65","+","0.75","36.65","4","36.70","6","16.97",
"1535","中宇","7,000","7","223,000","31.95","31.95","31.80","31.80","-","0.15","31.80","1","31.90","4","30.58",
"1536","和大","1,343,115","908","160,311,185","120.00","120.50","118.00","119.00","-","1.00","119.00","12","119.50","63","23.90",
"1537","廣隆","294,470","250","46,780,051","160.00","160.00","156.50","156.50","-","3.00","156.50","11","158.00","12","12.52",
"1538","正峰新","51,445","104","252,768","4.88","5.03","4.87","4.92","+","0.05","4.91","1","5.03","2","0.00",
"1539","巨庭","479,000","267","10,715,000","21.75","22.80","21.75","22.60","+","0.75","22.55","6","22.60","12","12.02",
"1540","喬福","105,119","63","1,682,459","16.10","16.20","15.90","16.05","-","0.05","15.95","1","16.05","2","13.72",
"1541","錩泰","8,000","8","234,600","29.25","29.40","29.20","29.40","-","0.30","29.30","2","29.60","1","15.98",
"1558","伸興","42,100","42","5,856,500","138.00","139.50","138.00","139.00","+","1.00","138.50","7","139.00","2","9.34",
"1560","中砂","263,124","174","15,277,428","58.40","58.50","57.90","57.90","-","0.30","57.90","13","58.00","23","12.40",
"1568","倉佑","8,035","9","151,365","18.80","18.95","18.80","18.85","+","0.05","18.80","10","18.90","1","12.32",
"1582","信錦","342,586","318","23,267,548","68.20","68.30","67.50","68.10","+","0.30","68.10","2","68.20","21","10.41",
"1583","程泰","14,233","13","727,019","50.70","51.40","50.70","50.80","+","0.10","50.90","1","51.00","1","10.18",
"1587","吉茂","14,000","10","257,050","18.20","18.70","18.20","18.70","+","0.30","18.50","5","18.65","2","0.00",
"1589","永冠-KY","3,259,342","2,305","220,318,047","67.10","69.00","66.60","67.10","-","0.20","67.10","3","67.30","6","0.00",
"1590","亞德客-KY","5,859,782","4,653","2,180,682,096","353.00","381.00","351.00","380.00","+","32.00","379.00","5","380.00","48","24.34",
"1592","英瑞-KY","31,000","26","838,800","27.30","27.30","26.95","27.05","-","0.10","26.85","4","27.10","11","0.00",
"1598","岱宇","80,200","37","2,784,510","34.60","34.80","34.60","34.80"," ","0.00","34.70","3","34.80","7","316.36",
"1603","華電","320,020","104","7,080,993","22.40","22.40","22.00","22.00","-","0.50","22.00","1","22.15","2","22.68",
"1604","聲寶","188,504","226","2,660,267","14.05","14.15","14.05","14.10"," ","0.00","14.10","103","14.15","70","9.46",
"1605","華新","9,735,726","2,829","170,829,347","17.65","17.65","17.45","17.45","-","0.05","17.45","569","17.50","18","4.82",
"1608","華榮","248,395","104","2,298,303","9.21","9.31","9.21","9.25","+","0.04","9.25","7","9.26","3","0.00",
"1609","大亞","1,383,361","443","14,093,256","10.30","10.30","10.15","10.15"," ","0.00","10.15","171","10.20","18","11.53",
"1611","中電","317,473","127","2,967,776","9.35","9.38","9.30","9.34","-","0.03","9.32","2","9.40","6","5.19",
"1612","宏泰","45,028","29","435,964","9.72","9.72","9.64","9.70"," ","0.00","9.70","2","9.71","20","20.21",
"1614","三洋電","35,002","17","805,246","23.35","23.40","22.95","22.95"," ","0.00","22.95","1","23.00","2","26.38",
"1615","大山","53,212","37","862,544","16.15","16.25","16.15","16.25","+","0.05","16.15","10","16.25","19","9.29",
"1616","億泰","18,000","10","80,320","4.48","4.48","4.45","4.46","-","0.01","4.46","9","4.47","3","0.00",
"1617","榮星","9,000","7","121,900","13.70","13.70","13.40","13.55","+","0.05","13.45","1","13.55","1","10.27",
"1618","合機","72,236","25","608,300","8.44","8.44","8.35","8.44"," ","0.00","8.43","9","8.49","4","22.81",
"1626","艾美特-KY","15,017","15","214,911","14.30","14.35","14.25","14.35","+","0.10","14.30","4","14.35","2","0.00",
"1701","中化","287,068","149","5,327,697","18.55","18.60","18.55","18.55","-","0.05","18.55","63","18.60","83","14.72",
"1702","南僑","340,098","279","18,470,310","54.20","54.80","53.60","54.60","+","0.40","54.40","1","54.60","1","14.76",
"1707","葡萄王","350,401","283","73,098,809","210.00","210.00","207.00","210.00","+","2.00","209.50","1","210.00","22","21.43",
"1708","東鹼","58,205","63","1,521,847","26.20","26.20","26.10","26.15","-","0.05","26.10","4","26.20","14","12.11",
"1709","和益","188,916","87","2,840,578","15.10","15.10","15.00","15.10"," ","0.00","15.05","10","15.10","18","14.11",
"1710","東聯","1,938,378","969","50,872,486","26.20","26.35","26.05","26.30","+","0.20","26.25","103","26.30","5","11.90",
"1711","永光","191,651","130","3,092,126","16.15","16.20","16.10","16.20","+","0.05","16.15","1","16.20","18","19.76",
"1712","興農","337,270","158","5,675,500","16.85","16.85","16.80","16.85","+","0.05","16.80","185","16.85","85","10.53",
"1713","國化","19,006","11","363,014","19.10","19.10","19.10","19.10"," ","0.00","19.00","12","19.10","8","25.13",
"1714","和桐","959,996","375","6,181,198","6.43","6.48","6.42","6.42","-","0.01","6.42","81","6.43","2","45.86",
"1717","長興","210,269","154","5,275,687","25.15","25.20","25.00","25.15","+","0.05","25.05","1","25.15","27","15.43",
"1718","中纖","2,816,407","1,041","27,790,809","9.88","9.89","9.84","9.88","+","0.05","9.88","16","9.89","82","7.48",
"1720","生達","127,030","64","3,970,090","31.30","31.35","31.20","31.20","-","0.10","31.20","18","31.35","13","16.96",
"1721","三晃","52,138","57","515,693","9.80","9.95","9.80","9.94","+","0.14","9.84","10","9.95","5","66.27",
"1722","台肥","3,428,148","2,607","148,657,302","43.65","43.75","43.25","43.35","-","0.30","43.35","19","43.40","40","22.12",
"1723","中碳","122,550","115","16,606,800","134.50","136.50","134.50","136.50","+","2.00","136.00","4","136.50","23","21.53",
"1724","台硝","6,002","7","79,976","13.35","13.40","13.30","13.40","-","0.10","13.30","1","13.40","3","18.11",
"1725","元禎","10,012","10","142,480","14.20","14.25","14.20","14.25"," ","0.00","14.20","4","14.25","1","11.40",
"1726","永記","18,315","37","1,315,329","71.50","72.10","71.50","71.80","+","0.60","71.60","1","72.10","3","14.39",
"1727","中華化","19,319","17","273,862","14.25","14.25","14.15","14.15"," ","0.00","14.15","1","14.20","11","13.87",
"1730","花仙子","146,127","142","9,774,081","67.60","67.70","66.50","66.80","-","0.80","66.70","4","66.80","2","16.49",
"1731","美吾華","34,168","20","431,174","12.60","12.65","12.60","12.60","+","0.05","12.60","12","12.65","27","17.75",
"1732","毛寶","18,000","12","197,850","11.10","11.10","10.95","10.95","-","0.10","10.95","4","11.05","6","73.00",
"1733","五鼎","551,478","348","17,047,414","31.15","31.20","30.75","30.90","-","0.15","30.85","23","31.00","25","17.36",
"1734","杏輝","54,443","60","1,093,728","20.00","20.15","20.00","20.05","-","0.10","20.05","8","20.10","16","143.21",
"1735","日勝化","0","0","0","--","--","--","--"," ","0.00","15.30","5","15.75","2","52.00",
"1736","喬山","111,000","62","3,828,000","34.50","34.60","34.35","34.50","+","0.05","34.40","2","34.50","1","55.65",
"1737","臺鹽","281,193","136","8,636,466","30.75","30.85","30.60","30.75"," ","0.00","30.70","1","30.75","28","13.61",
"1760","寶齡富錦","3,021,255","2,303","323,497,775","105.00","109.50","105.00","105.50","+","1.00","105.50","72","106.00","32","99.53",
"1762","中化生","104,001","75","2,452,475","23.70","23.70","23.50","23.60"," ","0.00","23.50","5","23.60","1","6.40",
"1773","勝一","58,123","49","4,842,382","83.30","83.60","83.10","83.10"," ","0.00","83.10","1","83.30","1","13.38",
"1776","展宇","31,000","15","494,650","15.95","16.00","15.85","16.00","+","0.15","15.80","6","16.05","2","64.00",
"1783","和康生","246,149","240","5,950,853","24.55","24.65","24.00","24.00","-","0.45","24.00","29","24.05","6","31.17",
"1786","科妍","430,154","344","29,265,172","68.30","68.50","67.60","67.70"," ","0.00","67.70","5","67.80","1","49.42",
"1789","神隆","314,679","234","8,479,494","27.00","27.25","26.80","26.80","-","0.15","26.80","9","26.85","15","51.54",
"1802","台玻","646,226","303","8,486,131","13.05","13.20","13.05","13.15","+","0.10","13.15","1","13.20","185","19.34",
"1805","寶徠","148,027","72","1,552,378","10.20","10.65","10.00","10.45","+","0.20","10.40","4","10.45","5","0.00",
"1806","冠軍","82,605","34","581,375","7.03","7.08","7.02","7.08","+","0.01","7.04","1","7.08","8","0.00",
"1808","潤隆","927,055","470","52,229,224","56.50","56.50","56.10","56.20","+","0.20","56.10","27","56.20","3","7.25",
"1809","中釉","91,000","27","952,700","10.45","10.50","10.45","10.45"," ","0.00","10.45","22","10.50","2","0.00",
"1810","和成","50,042","23","392,366","7.84","7.85","7.83","7.85","+","0.02","7.83","6","7.85","28","87.22",
"1817","凱撒衛","70,000","45","2,549,600","36.35","36.50","36.25","36.50","+","0.15","36.25","4","36.50","2","10.43",
"1902","台紙","118,390","50","2,256,610","19.10","19.15","19.00","19.10"," ","0.00","19.00","8","19.10","46","16.05",
"1903","士紙","15,012","18","457,711","30.40","30.55","30.40","30.55","-","0.25","30.50","7","30.55","2","0.00",
"1904","正隆","1,484,220","676","28,464,517","19.10","19.30","19.00","19.30","+","0.20","19.25","38","19.30","93","5.59",
"1905","華紙","325,668","181","3,121,927","9.58","9.61","9.57","9.58"," ","0.00","9.58","11","9.59","3","21.29",
"1906","寶隆","234,873","122","3,528,857","14.85","15.10","14.85","15.05","+","0.20","15.05","12","15.10","28","4.75",
"1907","永豐餘","532,156","201","6,124,235","11.50","11.55","11.45","11.55","+","0.05","11.50","18","11.55","104","13.43",
"1909","榮成","3,479,884","1,464","52,406,045","15.00","15.15","14.95","15.05","+","0.10","15.05","139","15.10","33","9.18",
"2002","中鋼","12,035,746","4,802","304,772,254","25.35","25.35","25.25","25.35"," ","0.00","25.30","218","25.35","1,051","15.84",
"2002A","中鋼特","47,000","15","2,111,500","44.85","45.00","44.80","45.00"," ","0.00","44.80","5","45.00","20","0.00",
"2006","東和鋼鐵","488,021","326","9,545,250","19.55","19.60","19.50","19.60","+","0.10","19.55","3","19.60","19","14.74",
"2007","燁興","69,290","42","388,221","5.61","5.62","5.56","5.60"," ","0.00","5.60","1","5.61","25","280.00",
"2008","高興昌","22,105","7","272,724","12.35","12.35","12.30","12.30","-","0.05","12.30","21","12.35","4","0.00",
"2009","第一銅","185,120","98","1,825,922","9.80","9.92","9.79","9.90","+","0.17","9.90","6","9.91","11","26.05",
"2010","春源","110,930","19","1,126,588","10.20","10.20","10.15","10.15"," ","0.00","10.15","21","10.20","93","17.81",
"2012","春雨","45,001","23","918,570","20.50","20.50","20.25","20.40","+","0.05","20.40","10","20.45","10","13.08",
"2013","中鋼構","550,502","339","14,591,855","26.65","26.90","26.30","26.35","-","0.15","26.35","23","26.40","9","49.72",
"2014","中鴻","6,522,190","1,584","73,282,416","11.15","11.30","11.10","11.25","+","0.15","11.20","911","11.25","100","4.46",
"2015","豐興","166,217","109","9,645,897","58.30","58.30","57.90","57.90","-","0.30","57.90","27","58.20","12","11.07",
"2017","官田鋼","335,059","83","2,699,142","8.09","8.09","8.04","8.06"," ","0.00","8.05","41","8.06","1","12.59",
"2020","美亞","131,662","64","1,905,681","14.45","14.50","14.40","14.50","+","0.10","14.45","20","14.50","53","8.68",
"2022","聚亨","1,357,598","537","9,428,549","6.99","6.99","6.90","6.90","-","0.10","6.90","7","6.91","6","26.54",
"2023","燁輝","3,591,245","937","36,355,451","10.00","10.25","9.97","10.10","+","0.12","10.10","27","10.15","139","19.80",
"2024","志聯","52,623","85","497,101","9.43","9.48","9.40","9.45","+","0.01","9.42","4","9.46","2","9.64",
"2027","大成鋼","7,069,747","3,712","310,384,783","44.15","44.25","43.65","43.85"," ","0.00","43.85","60","43.90","39","8.97",
"2028","威致","561,331","244","4,758,622","8.19","8.75","8.19","8.70","+","0.51","8.65","7","8.70","9","4.70",
"2029","盛餘","36,630","32","713,665","19.50","19.55","19.35","19.55","+","0.20","19.35","13","19.55","1","26.78",
"2030","彰源","226,073","162","2,922,249","12.95","13.00","12.85","12.95","+","0.05","12.90","17","12.95","1","5.61",
"2031","新光鋼","2,245,346","1,103","71,781,352","31.95","32.15","31.75","32.10","+","0.50","32.10","168","32.15","75","5.90",
"2032","新鋼","47,135","20","417,511","8.80","8.90","8.80","8.90","+","0.05","8.89","3","8.90","13","38.70",
"2033","佳大","100,279","83","923,968","9.25","9.25","9.19","9.19","-","0.05","9.18","3","9.20","1","39.96",
"2034","允強","185,846","111","4,627,512","24.90","25.00","24.85","24.90"," ","0.00","24.90","17","24.95","37","10.29",
"2038","海光","134,000","68","1,092,980","8.14","8.20","8.11","8.15","-","0.02","8.12","7","8.15","5","25.47",
"2049","上銀","6,776,265","5,198","1,697,775,827","246.50","254.00","245.50","249.50","+","6.00","249.50","55","250.00","24","13.97",
"2059","川湖","212,030","152","73,228,894","347.00","349.00","344.00","345.50","+","0.50","344.00","1","345.50","2","20.44",
"2062","橋椿","147,600","95","4,709,089","32.05","32.20","31.80","31.95","-","0.10","31.95","4","32.00","9","40.96",
"2069","運錩","190,000","96","4,478,000","23.60","23.70","23.50","23.65","+","0.05","23.55","6","23.65","18","3.41",
"2101","南港","395,626","264","10,489,774","26.15","26.90","26.05","26.55","+","0.35","26.45","1","26.55","9","71.76",
"2102","泰豐","144,589","103","1,567,339","10.80","10.90","10.80","10.85","+","0.10","10.85","2","10.90","70","0.00",
"2103","台橡","288,614","235","8,129,992","28.25","28.30","28.00","28.15","-","0.10","28.10","14","28.15","4","20.40",
"2104","國際中橡","8,221,824","4,086","349,036,714","43.00","43.10","41.80","42.95","-","0.10","42.85","7","42.95","24","9.90",
"2105","正新","2,667,760","1,182","113,879,672","42.80","42.85","42.55","42.70","-","0.10","42.65","3","42.70","1","35.88",
"2106","建大","218,875","157","6,520,079","29.80","29.90","29.60","29.90","+","0.10","29.80","1","29.90","2","43.97",
"2107","厚生","148,588","93","2,251,575","15.15","15.20","15.10","15.15"," ","0.00","15.15","70","15.25","22","29.13",
"2108","南帝","777,037","522","22,739,273","29.20","29.40","29.05","29.40","+","0.30","29.35","5","29.40","5","9.74",
"2109","華豐","30,058","65","379,899","12.70","12.70","12.60","12.65","-","0.10","12.60","40","12.70","2","0.00",
"2114","鑫永銓","7,085","10","584,543","82.50","82.60","82.40","82.40","+","0.40","82.40","3","82.70","6","13.02",
"2115","六暉-KY","118,417","84","4,237,776","35.10","36.00","35.10","35.90","+","1.10","35.60","2","35.90","1","15.54",
"2201","裕隆","3,526,891","1,517","65,088,330","18.20","18.70","18.20","18.55","+","0.35","18.55","2","18.60","186","15.99",
"2204","中華","327,988","292","7,839,762","23.80","24.00","23.70","24.00","+","0.20","23.95","11","24.00","27","8.86",
"2206","三陽工業","261,384","163","5,229,934","20.10","20.10","19.95","19.95","-","0.15","19.95","83","20.00","1","10.45",
"2207","和泰車","402,152","394","116,623,580","291.00","292.50","287.50","292.00","+","2.00","291.00","2","292.00","4","15.94",
"2208","台船","1,579,807","924","41,040,167","26.00","26.60","25.55","25.70","-","0.30","25.70","6","25.75","13","0.00",
"2227","裕日車","41,167","50","9,462,077","229.00","230.50","229.00","230.00","+","1.00","229.50","5","230.00","1","11.43",
"2228","劍麟","198,042","168","17,057,098","87.00","87.00","85.30","85.40","-","1.20","85.40","2","85.60","4","11.22",
"2231","為升","491,197","464","132,898,483","269.00","272.00","268.00","271.50","+","5.50","271.00","8","271.50","8","28.58",
"2236","百達-KY","11,000","11","329,400","30.20","30.20","29.65","30.20","+","0.25","29.90","2","30.20","1","10.13",
"2239","英利-KY","52,045","50","6,612,737","128.50","128.50","126.50","127.50"," ","0.00","127.00","1","127.50","3","11.32",
"2243","宏旭-KY","14,000","12","249,300","17.70","18.00","17.70","17.70","-","0.15","17.70","4","17.90","1","15.53",
"2301","光寶科","7,730,131","2,909","343,517,251","44.50","44.70","44.10","44.50"," ","0.00","44.40","37","44.50","291","13.36",
"2302","麗正","742,623","324","6,992,485","9.30","9.55","9.30","9.43","-","0.12","9.43","1","9.49","1","94.30",
"2303","聯電","34,489,190","6,934","408,040,426","11.95","11.95","11.75","11.85","-","0.10","11.80","583","11.85","642","13.78",
"2305","全友","134,671","69","844,468","6.30","6.30","6.23","6.23","-","0.07","6.23","2","6.24","15","0.00",
"2308","台達電","3,467,145","2,337","528,722,454","154.50","155.00","151.50","152.00","-","2.00","151.50","141","152.00","30","23.35",
"2312","金寶","21,610,838","4,105","233,942,423","10.30","11.15","10.30","10.95","+","0.70","10.95","249","11.00","790","43.80",
"2313","華通","9,319,986","3,954","195,573,628","20.95","21.20","20.80","20.85","+","0.15","20.85","215","20.90","139","7.72",
"2314","台揚","3,556,979","1,838","74,241,009","20.10","21.30","20.10","21.00","+","0.90","20.95","15","21.00","19","100.00",
"2316","楠梓電","583,419","252","9,542,097","16.20","16.45","16.20","16.35","+","0.20","16.35","6","16.40","48","19.01",
"2317","鴻海","25,776,596","6,705","1,824,318,059","70.80","71.00","70.60","70.80","+","0.10","70.80","112","70.90","501","7.11",
"2321","東訊","23,000","8","71,120","3.10","3.10","3.08","3.10"," ","0.00","3.09","7","3.13","13","0.00",
"2323","中環","9,325,203","2,240","65,025,255","6.97","7.02","6.94","6.96","-","0.03","6.96","120","6.97","157","0.00",
"2324","仁寶","20,677,414","5,363","371,992,017","17.90","18.10","17.85","18.10","+","0.30","18.05","361","18.10","139","8.46",
"2327","國巨","13,668,934","9,517","4,566,707,290","333.00","339.50","326.50","328.00","-","0.50","328.00","34","328.50","15","4.27",
"2328","廣宇","712,684","425","13,711,985","19.20","19.30","19.15","19.25","+","0.15","19.25","19","19.30","111","8.75",
"2329","華泰","1,577,382","666","19,341,983","12.20","12.40","12.15","12.25"," ","0.00","12.25","70","12.30","59","0.00",
"2330","台積電","29,134,257","10,189","6,665,379,096","229.50","229.50","228.00","229.00","+","3.00","228.50","491","229.00","3,047","16.94",
"2331","精英","179,006","107","2,209,572","12.30","12.40","12.30","12.35","+","0.05","12.35","12","12.40","41","0.00",
"2332","友訊","4,649,642","1,597","58,607,502","12.65","12.75","12.50","12.50","-","0.15","12.50","86","12.55","22","208.33",
"2337","旺宏","21,190,112","6,711","422,675,762","20.05","20.10","19.85","19.90","+","0.05","19.90","10","19.95","462","4.21",
"2338","光罩","1,891,838","948","38,547,907","20.40","20.55","20.15","20.15","+","0.05","20.15","16","20.20","3","24.88",
"2340","光磊","2,245,429","874","41,384,981","18.45","18.55","18.35","18.40","+","0.05","18.40","18","18.45","11","13.33",
"2342","茂矽","2,166,370","1,088","45,285,226","20.55","21.15","20.45","20.95","+","0.60","20.90","44","20.95","9","16.24",
"2344","華邦電","15,843,209","4,955","234,514,635","14.85","14.95","14.70","14.80","+","0.10","14.75","239","14.80","1,034","7.05",
"2345","智邦","2,328,800","1,683","248,194,800","107.00","107.50","106.00","106.50"," ","0.00","106.00","75","106.50","74","21.30",
"2347","聯強","1,320,329","836","49,760,180","38.00","38.00","37.40","37.80"," ","0.00","37.75","5","37.80","113","8.96",
"2348","海悅","249,401","182","11,450,696","45.80","46.30","45.65","46.05","+","0.40","46.05","2","46.10","3","9.27",
"2349","錸德","4,804,760","1,591","52,453,775","11.00","11.10","10.85","10.90","-","0.10","10.90","92","10.95","118","0.00",
"2351","順德","1,883,256","1,541","143,528,750","75.10","77.00","75.10","76.00","+","1.00","75.90","7","76.00","1","17.43",
"2352","佳世達","2,479,053","1,209","49,304,778","19.85","19.95","19.85","19.95","+","0.10","19.90","24","19.95","150","8.91",
"2353","宏碁","6,783,293","2,820","134,633,148","19.85","20.05","19.70","19.80"," ","0.00","19.80","339","19.85","134","16.78",
"2354","鴻準","2,085,342","1,310","123,309,434","59.00","59.30","58.80","59.30","+","0.80","59.20","8","59.30","71","8.38",
"2355","敬鵬","873,204","730","33,359,288","38.60","38.75","38.00","38.10","-","0.45","38.10","9","38.15","3","63.50",
"2356","英業達","14,086,769","5,973","336,887,119","23.50","24.20","23.40","23.85","+","0.60","23.80","25","23.85","37","12.36",
"2357","華碩","646,119","527","147,978,632","230.00","232.00","226.50","229.00","-","0.50","229.00","9","229.50","71","15.33",
"2358","廷鑫","286,283","141","4,893,081","17.00","17.30","17.00","17.30"," ","0.00","17.00","7","17.30","4","31.45",
"2359","所羅門","223,117","133","4,086,545","18.35","18.45","18.15","18.30","+","0.15","18.30","2","18.35","9","22.32",
"2360","致茂","1,820,100","1,196","228,165,400","128.00","128.00","122.50","123.00","-","2.00","122.50","19","123.00","11","17.25",
"2362","藍天","99,633","77","2,943,097","29.60","29.60","29.45","29.60","-","0.15","29.50","21","29.60","61","11.25",
"2363","矽統","426,195","319","3,860,459","9.13","9.13","9.02","9.02","-","0.02","9.02","16","9.03","3","0.00",
"2364","倫飛","142,023","95","608,858","4.20","4.30","4.20","4.30","+","0.02","4.23","5","4.29","10","0.00",
"2365","昆盈","655,475","320","6,226,024","9.45","9.57","9.41","9.50","+","0.15","9.48","1","9.50","39","19.39",
"2367","燿華","8,120,481","2,875","122,502,851","14.80","15.25","14.80","15.10","+","0.40","15.05","57","15.10","37","8.73",
"2368","金像電","4,517,173","1,509","60,015,222","13.40","13.40","13.15","13.25","+","0.10","13.20","220","13.25","55","36.81",
"2369","菱生","292,140","201","2,713,641","9.24","9.33","9.24","9.30","+","0.07","9.29","2","9.32","6","0.00",
"2371","大同","9,337,800","4,172","247,815,876","27.15","27.20","26.05","26.10","-","1.00","26.10","161","26.15","24","0.00",
"2373","震旦行","62,012","62","5,590,380","90.50","90.50","90.00","90.20"," ","0.00","90.20","8","90.30","1","10.88",
"2374","佳能","116,999","103","1,648,031","14.15","14.15","14.05","14.05","-","0.05","14.05","6","14.10","2","0.00",
"2375","凱美","4,198,020","2,294","173,434,669","41.20","41.60","40.95","41.10","+","0.25","41.05","38","41.10","3","2.12",
"2376","技嘉","4,628,073","2,701","186,066,422","40.25","40.55","40.00","40.30","+","0.30","40.25","3","40.30","136","7.83",
"2377","微星","4,128,410","2,773","319,380,022","77.50","78.00","76.90","77.40","+","0.30","77.40","25","77.50","5","9.82",
"2379","瑞昱","1,684,526","1,194","260,814,254","156.50","157.50","153.00","155.00","-","1.50","154.50","35","155.00","89","19.42",
"2380","虹光","138,318","88","594,019","4.25","4.34","4.25","4.27","+","0.01","4.27","1","4.30","3","0.00",
"2382","廣達","5,649,961","2,876","315,421,909","56.00","56.10","55.50","55.90"," ","0.00","55.80","8","55.90","382","14.79",
"2383","台光電","3,512,233","2,732","276,216,154","79.00","79.90","77.50","77.50","-","1.20","77.50","22","77.70","1","13.09",
"2385","群光","660,197","561","44,922,929","68.50","68.70","67.70","68.30","-","0.20","68.10","16","68.30","110","11.76",
"2387","精元","166,954","56","2,915,643","17.50","17.65","17.40","17.50"," ","0.00","17.40","5","17.50","3","0.00",
"2388","威盛","4,376,499","2,579","114,512,442","25.30","26.85","25.15","25.85","+","0.80","25.85","54","25.90","3","215.42",
"2390","云辰","1,902,000","624","22,913,050","12.25","12.30","11.90","11.95","-","0.20","11.95","46","12.00","9","0.00",
"2392","正崴","1,099,923","649","26,874,786","24.10","24.80","24.10","24.40","+","0.35","24.35","13","24.40","10","0.00",
"2393","億光","635,600","454","19,275,269","30.70","30.75","30.10","30.35","-","0.20","30.30","5","30.35","10","15.18",
"2395","研華","690,933","548","158,385,157","231.00","231.00","227.50","231.00"," ","0.00","230.50","2","231.00","205","25.61",
"2397","友通","7,000","4","444,600","63.60","63.60","63.50","63.50","+","0.50","63.20","1","63.40","1","13.17",
"2399","映泰","227,006","136","2,178,967","9.74","9.74","9.51","9.58"," ","0.00","9.56","2","9.58","1","0.00",
"2401","凌陽","902,227","365","10,595,938","11.70","11.85","11.70","11.75","+","0.05","11.70","70","11.75","17","106.82",
"2402","毅嘉","737,338","393","10,145,749","13.55","13.90","13.50","13.70","+","0.15","13.70","31","13.75","1","85.63",
"2404","漢唐","974,351","874","92,239,167","94.70","95.70","93.80","93.80","-","0.70","93.80","19","94.30","3","13.54",
"2405","浩鑫","1,242,072","505","14,871,464","12.00","12.10","11.85","12.00","+","0.05","11.95","3","12.00","139","0.00",
"2406","國碩","1,226,589","478","9,812,625","7.96","8.10","7.92","7.93"," ","0.00","7.93","55","7.94","1","0.00",
"2408","南亞科","17,092,868","6,755","1,045,742,750","61.00","61.80","60.80","60.80","+","0.80","60.80","136","60.90","81","3.53",
"2409","友達","19,077,889","3,931","238,943,756","12.60","12.60","12.45","12.60","-","0.05","12.55","395","12.60","1,864","8.63",
"2412","中華電","7,458,995","4,468","795,199,465","106.50","107.00","106.50","106.50","-","0.50","106.50","706","107.00","1,953","23.10",
"2413","環科","669,053","441","15,707,698","23.40","23.75","23.10","23.50","+","0.10","23.50","4","23.55","1","0.00",
"2414","精技","1,683,404","27","29,107,983","19.15","19.15","19.10","19.15"," ","0.00","19.10","12","19.15","14","12.35",
"2415","錩新","121,879","97","2,788,514","22.90","23.00","22.80","22.80","-","0.10","22.80","19","22.85","13","12.60",
"2417","圓剛","254,455","117","2,730,877","10.80","10.85","10.65","10.75","+","0.10","10.70","12","10.75","73","0.00",
"2419","仲琦","1,149,701","552","24,216,751","20.85","21.30","20.70","21.25","+","0.40","21.20","5","21.25","17","25.91",
"2420","新巨","219,411","133","7,271,034","33.20","33.25","33.05","33.10","+","0.05","33.10","10","33.15","6","10.82",
"2421","建準","986,501","642","37,714,537","38.40","38.50","38.05","38.10","-","0.30","38.10","21","38.20","50","15.88",
"2423","固緯","1,110,127","765","30,036,688","27.70","27.70","26.45","26.45","-","0.40","26.45","16","26.50","2","12.90",
"2424","隴華","28,076","7","949,495","33.80","34.00","33.80","34.00","+","0.20","32.40","2","34.00","9","0.00",
"2425","承啟","200,617","159","6,671,911","33.80","33.80","33.00","33.20","-","0.30","33.15","2","33.20","19","15.73",
"2426","鼎元","3,357,262","1,306","58,519,020","17.30","17.55","17.20","17.45","+","0.15","17.45","3","17.50","90","8.27",
"2427","三商電","280,412","102","2,810,220","10.15","10.15","10.00","10.10"," ","0.00","10.05","7","10.10","80","36.07",
"2428","興勤","316,001","249","25,145,280","78.50","80.40","78.20","80.00","+","1.50","79.60","1","80.00","7","10.13",
"2429","銘旺科","23,001","16","332,264","14.80","14.80","14.35","14.40","-","0.65","14.35","1","14.40","21","0.00",
"2430","燦坤","85,828","67","1,751,655","20.25","20.50","20.25","20.45","+","0.20","20.35","20","20.50","21","12.10",
"2431","聯昌","781,018","159","7,103,102","8.98","9.15","8.98","9.07","+","0.12","9.07","8","9.08","1","0.00",
"2433","互盛電","122,500","122","5,176,000","42.25","42.30","42.25","42.25"," ","0.00","42.30","1","42.35","1","11.83",
"2434","統懋","62,379","27","565,071","9.07","9.08","9.04","9.07","-","0.01","9.07","8","9.08","14","0.00",
"2436","偉詮電","604,309","518","14,670,770","24.35","24.55","24.05","24.10","-","0.25","24.10","12","24.15","1","14.35",
"2438","翔耀","2,230","3","15,985","7.10","7.25","7.10","7.25","+","0.06","6.81","1","7.17","1","0.00",
"2439","美律","4,414,111","3,266","681,056,872","153.50","157.50","150.50","152.50","-","1.00","152.50","10","153.00","65","10.17",
"2440","太空梭","20,000","14","198,230","9.81","10.00","9.61","9.98","+","0.12","9.66","2","9.98","1","0.00",
"2441","超豐","487,381","371","20,061,632","41.30","41.40","40.95","41.20","+","0.20","41.15","4","41.20","6","9.07",
"2442","新美齊","769,100","279","9,455,679","12.30","12.35","12.25","12.30","+","0.05","12.30","1","12.35","54","51.25",
"2443","億麗","99,504","78","433,587","4.35","4.45","4.31","4.38","+","0.03","4.34","5","4.38","14","0.00",
"2444","兆勁","538,029","300","11,941,149","22.00","22.40","21.95","22.15","+","0.15","22.15","5","22.25","3","0.00",
"2448","晶電","11,743,437","4,449","308,071,060","26.30","26.40","26.00","26.30","+","0.35","26.25","7","26.30","199","30.94",
"2449","京元電子","7,566,048","2,972","177,820,918","23.60","23.70","23.25","23.50","+","0.10","23.50","2,702","23.55","87","15.99",
"2450","神腦","45,019","40","1,571,267","34.85","35.00","34.75","34.85","+","0.15","34.75","4","34.85","1","19.25",
"2451","創見","280,603","255","18,615,596","66.30","66.50","66.10","66.40","+","0.10","66.40","11","66.50","7","12.50",
"2453","凌群","1,302,998","687","16,538,573","12.20","12.90","12.20","12.60","+","0.60","12.55","2","12.60","10","15.95",
"2454","聯發科","4,014,061","2,651","994,715,632","247.50","249.00","246.50","248.50","+","0.50","248.00","59","248.50","39","14.51",
"2455","全新","6,219,646","4,059","416,976,282","66.60","67.60","66.20","67.00","+","1.00","66.90","6","67.00","14","28.88",
"2456","奇力新","5,121,374","3,915","427,541,533","83.10","84.50","82.40","82.50","-","0.10","82.50","15","82.60","6","6.53",
"2457","飛宏","789,035","270","8,056,551","10.30","10.30","10.15","10.20","-","0.10","10.20","11","10.25","54","0.00",
"2458","義隆","5,956,892","4,381","511,237,555","85.00","87.50","84.00","85.00"," ","0.00","85.00","1","85.10","2","18.20",
"2459","敦吉","43,106","38","1,572,770","36.45","36.60","36.40","36.60","+","0.15","36.50","6","36.60","2","9.29",
"2460","建通","74,014","46","750,240","10.05","10.25","10.05","10.05"," ","0.00","10.05","17","10.10","1","0.00",
"2461","光群雷","29,070","42","381,501","13.20","13.20","13.05","13.05","-","0.05","13.05","17","13.10","11","21.75",
"2462","良得電","25,191","27","689,511","27.40","27.40","27.25","27.40"," ","0.00","27.30","2","27.40","2","0.00",
"2464","盟立","638,013","486","26,205,275","40.75","41.30","40.70","41.20","+","0.70","41.15","3","41.20","5","8.96",
"2465","麗臺","108,450","87","1,176,268","10.90","10.95","10.80","10.80","-","0.05","10.80","3","10.85","1","0.00",
"2466","冠西電","99,000","66","3,197,200","32.25","32.40","32.15","32.35","+","0.10","32.10","3","32.40","6","1,617.50",
"2467","志聖","244,351","183","6,799,967","27.75","28.10","27.70","27.80","+","0.10","27.80","1","27.85","4","8.30",
"2468","華經","78,000","38","859,650","11.00","11.10","10.95","11.00","+","0.10","11.00","5","11.05","4","17.74",
"2471","資通","60,002","37","870,330","14.50","14.70","14.45","14.45","-","0.05","14.45","2","14.60","2","9.38",
"2472","立隆電","256,130","195","10,273,650","40.15","40.35","40.00","40.00","+","0.05","40.00","10","40.10","4","8.79",
"2474","可成","4,592,110","3,459","1,061,554,410","230.00","234.00","226.00","229.50","+","1.50","229.50","9","230.00","23","6.03",
"2475","華映","11,917,070","496","7,031,044","0.59","0.59","0.59","0.59","-","0.06","--","0","0.59","3,030","0.00",
"2476","鉅祥","28,043","15","631,265","22.55","22.60","22.40","22.55","+","0.10","22.45","3","22.50","2","13.67",
"2477","美隆電","77,099","52","1,521,499","20.00","20.00","19.55","19.80"," ","0.00","19.70","1","19.80","1","18.50",
"2478","大毅","2,781,510","1,937","146,738,911","52.30","53.40","52.00","52.50","+","0.50","52.40","5","52.50","28","8.65",
"2480","敦陽科","238,324","180","9,847,437","41.25","41.45","41.20","41.30","+","0.05","41.25","10","41.35","4","12.37",
"2481","強茂","11,226,113","5,591","328,556,051","29.25","29.65","28.95","29.00","+","0.25","29.00","99","29.05","20","0.00",
"2482","連宇","12,000","11","132,600","11.05","11.10","11.00","11.10"," ","0.00","11.05","4","11.10","6","0.00",
"2483","百容","92,122","40","1,749,905","19.00","19.05","18.95","19.05","+","0.05","19.00","9","19.05","4","11.83",
"2484","希華","246,039","171","4,380,413","17.75","17.90","17.65","17.75"," ","0.00","17.75","13","17.80","6","12.07",
"2485","兆赫","3,932,041","1,951","79,702,880","19.65","20.60","19.65","20.15","+","0.55","20.15","44","20.20","51","40.30",
"2486","一詮","92,577","86","844,038","9.12","9.16","9.10","9.11","+","0.04","9.11","1","9.13","4","0.00",
"2488","漢平","843,315","530","30,429,290","35.20","36.50","35.20","36.00","+","1.00","36.00","29","36.05","7","11.46",
"2489","瑞軒","936,292","361","10,902,696","11.60","11.75","11.55","11.75","+","0.15","11.70","40","11.75","23","0.00",
"2491","吉祥全","49,024","20","269,325","5.50","5.64","5.46","5.48","-","0.21","5.50","2","5.63","1","0.00",
"2492","華新科","26,113,568","17,197","4,639,148,602","178.00","181.00","173.00","174.50","-","0.50","174.50","49","175.00","68","5.37",
"2493","揚博","43,670","63","1,095,758","25.20","25.20","25.05","25.10"," ","0.00","25.10","12","25.15","16","10.46",
"2495","普安","109,124","43","1,253,487","11.35","11.60","11.30","11.55","+","0.20","11.50","18","11.55","14","37.26",
"2496","卓越","16,045","61","1,541,275","96.20","96.40","95.70","95.70","-","0.50","95.70","1","96.50","1","13.50",
"2497","怡利電","25,000","17","426,700","17.10","17.20","17.05","17.05","-","0.05","17.05","12","17.20","9","0.00",
"2498","宏達電","37,609,841","18,299","1,394,763,953","35.65","37.95","35.50","37.95","+","3.15","37.90","7","37.95","95","4.70",
"2499","東貝","1,055,086","415","9,196,759","8.66","8.77","8.66","8.75","+","0.09","8.74","2","8.75","17","0.00",
"2501","國建","397,274","188","8,040,429","20.15","20.35","20.15","20.30","+","0.10","20.25","3","20.30","20","7.41",
"2504","國產","462,024","246","3,964,029","8.58","8.61","8.54","8.60","+","0.01","8.59","2","8.60","10","47.78",
"2505","國揚","330,863","133","3,877,097","11.75","11.85","11.65","11.65","-","0.05","11.65","9","11.75","9","0.00",
"2506","太設","31,398","25","354,551","11.30","11.35","11.30","11.30","-","0.05","11.35","1","11.40","3","0.00",
"2509","全坤建","147,000","86","4,258,250","29.00","29.20","28.70","29.10","+","0.40","29.05","3","29.10","5","0.00",
"2511","太子","596,260","228","6,265,077","10.45","10.60","10.40","10.55","+","0.10","10.55","91","10.60","41","13.19",
"2514","龍邦","15,376","28","269,436","17.50","17.65","17.35","17.50"," ","0.00","17.40","2","17.50","1","27.78",
"2515","中工","2,005,526","553","14,602,619","7.33","7.33","7.26","7.26","-","0.01","7.26","47","7.27","10","27.92",
"2516","新建","85,067","57","536,060","6.30","6.31","6.30","6.30"," ","0.00","6.30","10","6.32","8","0.00",
"2520","冠德","1,825,008","557","37,822,860","20.70","20.85","20.55","20.55","+","0.20","20.55","20","20.70","10","0.00",
"2524","京城","832,830","549","22,547,440","26.45","27.45","26.40","27.10","+","1.10","27.05","7","27.10","3","13.16",
"2527","宏璟","155,000","65","3,926,950","25.55","25.55","25.05","25.15","-","0.25","25.10","2","25.15","28","58.49",
"2528","皇普","49,000","25","653,600","13.25","13.55","13.25","13.30","+","0.05","13.30","11","13.40","5","0.00",
"2530","華建","141,871","39","2,219,890","15.65","15.70","15.60","15.65"," ","0.00","15.60","14","15.65","3","391.25",
"2534","宏盛","1,907,796","908","54,001,141","28.20","28.45","28.15","28.40","+","0.25","28.35","6","28.40","44","5.87",
"2535","達欣工","990,363","420","19,651,010","19.95","19.95","19.75","19.90"," ","0.00","19.85","3","19.90","85","8.12",
"2536","宏普","175,399","58","3,456,010","19.75","19.75","19.70","19.70"," ","0.00","19.65","31","19.70","4","7.43",
"2537","聯上發","1,798,758","358","11,239,918","6.10","6.35","6.10","6.28","+","0.17","6.28","1","6.29","67","0.00",
"2538","基泰","352,222","104","4,294,346","12.20","12.30","12.15","12.20"," ","0.00","12.15","22","12.20","62","174.29",
"2539","櫻花建","61,558","40","1,672,958","27.30","27.35","27.00","27.10","+","0.35","27.00","1","27.10","1","20.85",
"2540","愛山林","2,008","7","52,608","26.60","26.60","25.80","25.80","X","0.00","24.20","1","25.15","2","16.86",
"2542","興富發","2,809,313","1,607","134,583,742","47.90","48.00","47.80","47.95","+","0.35","47.90","12","47.95","124","10.80",
"2543","皇昌","5,315","8","39,961","7.58","7.58","7.43","7.58","+","0.01","7.45","10","7.58","2","0.00",
"2545","皇翔","60,333","42","1,566,258","26.10","26.10","25.90","26.10"," ","0.00","26.00","1","26.10","1","29.00",
"2546","根基","77,407","68","2,143,139","27.70","27.80","27.55","27.65","-","0.05","27.65","18","27.70","3","8.13",
"2547","日勝生","1,490,937","615","21,039,818","14.20","14.30","13.95","14.00","-","0.10","13.95","148","14.00","197","2.92",
"2548","華固","1,656,598","1,247","118,434,551","72.30","72.30","70.90","72.00","-","0.40","71.90","1","72.00","5","27.48",
"2597","潤弘","134,100","73","7,057,980","52.50","52.80","52.50","52.50"," ","0.00","52.50","10","52.60","1","12.38",
"2601","益航","974,515","343","10,389,201","10.65","10.75","10.60","10.60"," ","0.00","10.60","37","10.65","39","19.27",
"2603","長榮","3,776,635","1,192","45,489,770","12.05","12.10","12.00","12.05"," ","0.00","12.05","70","12.10","1,437","0.00",
"2605","新興","1,669,451","711","25,718,763","15.55","15.55","15.30","15.35","-","0.20","15.35","18","15.40","46","76.75",
"2606","裕民","1,031,325","679","31,483,792","30.85","30.85","30.40","30.65","-","0.10","30.65","2","30.70","16","13.87",
"2607","榮運","778,761","196","10,506,896","13.35","13.60","13.35","13.45","+","0.10","13.45","25","13.50","71","14.78",
"2608","嘉里大榮","57,337","58","2,129,902","37.00","37.50","37.00","37.35","+","0.40","37.05","4","37.35","1","15.06",
"2609","陽明","1,341,575","465","12,061,017","8.97","9.03","8.95","8.99","+","0.03","8.98","14","8.99","15","0.00",
"2610","華航","12,911,364","2,400","135,544,635","10.55","10.60","10.40","10.45","-","0.25","10.45","2,433","10.50","230","22.72",
"2611","志信","86,186","29","582,976","6.79","6.79","6.72","6.76","+","0.03","6.73","15","6.76","3","67.60",
"2612","中航","125,005","101","3,921,252","31.25","31.50","31.15","31.40","+","0.25","31.35","4","31.45","1","12.36",
"2613","中櫃","340,522","165","4,476,410","13.05","13.20","13.05","13.10","+","0.05","13.05","13","13.10","15","17.95",
"2614","東森","1,101,150","665","14,560,616","13.25","13.30","13.15","13.25"," ","0.00","13.20","275","13.25","2","1.70",
"2615","萬海","350,550","126","5,576,544","15.85","15.95","15.85","15.95","+","0.10","15.90","122","15.95","18","24.92",
"2616","山隆","289,471","65","8,425,086","29.05","29.15","29.05","29.15","+","0.05","29.10","24","29.15","20","16.66",
"2617","台航","467,326","199","8,282,970","17.80","17.80","17.70","17.70","+","0.05","17.70","28","17.75","68","7.05",
"2618","長榮航","9,571,579","2,933","141,515,977","14.75","14.90","14.65","14.80","+","0.05","14.80","194","14.85","104","10.21",
"2630","亞航","162,451","80","3,513,504","22.10","22.10","21.35","21.85","-","0.45","21.55","5","21.85","5","0.00",
"2633","台灣高鐵","4,760,009","1,652","147,183,179","30.85","31.00","30.80","30.95","+","0.10","30.90","859","30.95","102","17.59",
"2634","漢翔","6,530,847","2,992","221,544,337","33.25","34.15","33.20","34.05","+","0.80","34.00","24","34.05","167","14.61",
"2636","台驊投控","1,126,498","530","28,495,466","25.30","25.50","25.10","25.20","+","0.60","25.15","20","25.20","16","8.87",
"2637","慧洋-KY","442,575","255","12,821,892","29.00","29.15","28.90","28.95","-","0.20","28.95","6","29.00","15","12.27",
"2642","宅配通","36,500","32","789,799","21.55","21.70","21.55","21.60","+","0.05","21.60","3","21.70","4","45.96",
"2701","萬企","60,725","32","774,040","12.70","12.80","12.70","12.75","+","0.05","12.70","11","12.75","8","17.23",
"2702","華園","814,228","498","17,567,524","21.15","22.00","20.95","21.70","+","0.85","21.70","6","21.75","10","17.64",
"2704","國賓","763,712","441","17,025,142","22.20","22.45","22.10","22.30","+","0.15","22.30","17","22.35","11","17.84",
"2705","六福","1,203,514","102","7,521,148","6.25","6.28","6.21","6.25"," ","0.00","6.25","1","6.26","5","0.00",
"2706","第一店","128,761","42","1,818,465","14.15","14.20","14.10","14.15"," ","0.00","14.10","29","14.15","16","15.55",
"2707","晶華","154,421","132","21,128,885","137.50","137.50","136.50","137.00"," ","0.00","136.50","1","137.00","18","13.04",
"2712","遠雄來","2,000","2","75,900","37.50","38.40","37.50","38.40","+","0.95","37.10","1","38.00","2","0.00",
"2722","夏都","0","0","0","--","--","--","--"," ","0.00","28.80","1","29.35","1","487.50",
"2723","美食-KY","1,587,624","319","336,123,243","210.00","216.00","210.00","215.50","+","4.50","215.00","3","215.50","6","19.84",
"2727","王品","73,329","77","5,879,350","80.20","80.70","80.00","80.10"," ","0.00","80.10","2","80.30","2","16.90",
"2731","雄獅","60,350","53","5,331,650","88.40","88.60","88.00","88.00","-","0.30","88.00","5","88.20","1","18.53",
"2739","寒舍","16,022","15","468,994","29.30","29.35","29.20","29.35"," ","0.00","29.25","1","29.35","5","34.94",
"2748","雲品","37,000","30","2,282,900","62.00","62.00","61.00","61.90","-","0.30","61.90","5","62.00","2","21.13",
"2801","彰銀","3,827,950","1,111","68,828,504","18.00","18.00","17.90","18.00"," ","0.00","17.95","312","18.00","172","13.85",
"2809","京城銀","532,476","338","15,731,738","29.40","29.65","29.40","29.60","+","0.20","29.55","2","29.60","15","6.84",
"2812","台中銀","4,901,415","1,118","51,249,342","10.45","10.50","10.40","10.50","+","0.05","10.45","906","10.50","2,295","8.90",
"2816","旺旺保","122,064","63","2,382,385","19.65","19.65","19.45","19.50","-","0.10","19.45","34","19.60","20","5.93",
"2820","華票","204,355","184","2,825,868","13.85","13.85","13.80","13.80","-","0.05","13.80","169","13.85","88","13.53",
"2823","中壽","8,640,974","3,270","234,951,358","27.00","27.30","26.95","27.20","+","0.05","27.15","645","27.20","36","9.13",
"2832","台產","18,164","72","358,161","19.70","19.75","19.70","19.75"," ","0.00","19.70","3","19.75","16","10.73",
"2834","臺企銀","19,629,152","3,616","215,815,822","11.00","11.05","10.95","11.00","+","0.05","10.95","1,868","11.00","631","11.00",
"2836","高雄銀","1,837,651","343","17,501,463","9.52","9.56","9.49","9.51","+","0.02","9.50","49","9.51","5","33.96",
"2838","聯邦銀","732,665","403","7,265,733","9.90","9.95","9.90","9.92","+","0.02","9.92","16","9.94","13","9.19",
"2838A","聯邦銀甲特","386,000","55","20,890,200","54.20","54.20","54.10","54.20","+","0.10","54.10","143","54.20","18","0.00",
"2841","台開","1,191,027","399","9,831,598","8.27","8.28","8.23","8.27"," ","0.00","8.25","25","8.27","109","18.80",
"2845","遠東銀","1,356,408","380","14,131,291","10.40","10.45","10.40","10.45","+","0.05","10.40","889","10.45","782","11.00",
"2849","安泰銀","98,000","25","1,278,750","13.00","13.15","13.00","13.05","+","0.05","13.00","58","13.10","50","11.76",
"2850","新產","105,700","63","3,758,146","35.50","35.60","35.50","35.50"," ","0.00","35.50","4","35.60","3","6.44",
"2851","中再保","64,400","44","1,129,058","17.40","17.65","17.40","17.65","+","0.15","17.65","4","17.70","26","10.51",
"2852","第一保","141,014","60","2,061,452","14.65","14.65","14.60","14.65","+","0.05","14.60","10","14.65","39","7.18",
"2855","統一證","789,996","246","10,260,845","12.90","13.10","12.90","13.05","+","0.15","13.05","32","13.10","94","8.76",
"2867","三商壽","3,174,103","1,048","34,914,934","11.10","11.10","10.95","11.00","-","0.05","11.00","23","11.05","82","0.00",
"2880","華南金","5,459,224","2,052","100,470,712","18.45","18.45","18.35","18.45"," ","0.00","18.40","81","18.45","1,105","15.12",
"2881","富邦金","24,768,704","6,651","1,100,739,236","44.40","44.60","44.25","44.60","+","0.60","44.55","25","44.60","655","8.53",
"2881A","富邦特","623,788","260","39,980,932","64.00","64.10","64.00","64.10"," ","0.00","64.00","26","64.10","20","0.00",
"2881B","富邦金乙特","245,324","45","15,218,554","62.00","62.10","61.90","62.00"," ","0.00","61.90","91","62.10","50","0.00",
"2882","國泰金","26,722,390","7,568","1,163,930,731","43.60","43.80","43.35","43.80","+","0.30","43.75","34","43.80","538","9.84",
"2882A","國泰特","94,560","11","5,994,480","63.30","63.40","63.30","63.40"," ","0.00","63.30","75","63.40","52","0.00",
"2882B","國泰金乙特","501,105","60","30,846,565","61.50","61.60","61.40","61.60"," ","0.00","61.50","4","61.60","9","0.00",
"2883","開發金","9,414,285","2,324","93,909,302","9.99","9.99","9.93","9.97"," ","0.00","9.96","181","9.97","82","12.95",
"2884","玉山金","16,403,381","5,517","347,595,615","21.20","21.30","21.10","21.30","+","0.10","21.25","6","21.30","934","13.92",
"2885","元大金","17,750,221","3,100","298,909,862","16.75","16.95","16.65","16.95","+","0.20","16.90","473","16.95","960","9.80",
"2886","兆豐金","22,528,990","6,206","595,074,601","26.50","26.55","26.35","26.50"," ","0.00","26.45","8","26.50","6,568","13.59",
"2887","台新金","13,247,056","2,794","178,237,450","13.45","13.50","13.40","13.45"," ","0.00","13.45","595","13.50","7,088","10.76",
"2887E","台新戊特","264,781","37","14,430,585","54.50","54.60","54.50","54.50"," ","0.00","54.40","56","54.50","4","0.00",
"2887F","台新戊特二","162,884","57","8,338,384","51.20","51.20","51.10","51.20"," ","0.00","51.10","157","51.20","8","0.00",
"2888","新光金","31,072,033","5,835","266,477,104","8.62","8.62","8.54","8.60","+","0.03","8.59","94","8.60","43","4.97",
"2889","國票金","1,027,644","529","10,095,044","9.82","9.85","9.81","9.85","+","0.04","9.83","1","9.85","218","12.47",
"2890","永豐金","9,952,091","1,828","103,106,037","10.40","10.40","10.30","10.35","-","0.05","10.35","476","10.40","3,164","11.50",
"2891","中信金","39,729,655","6,530","820,146,916","20.70","20.70","20.55","20.70","+","0.10","20.65","64","20.70","4,171","10.95",
"2891B","中信金乙特","25,232","17","1,606,937","63.70","63.80","63.50","63.80","+","0.10","63.70","1","63.80","10","0.00",
"2892","第一金","9,570,424","2,979","194,248,709","20.25","20.40","20.25","20.30","+","0.05","20.25","1,170","20.30","13","16.78",
"2897","王道銀行","285,186","129","2,223,725","7.80","7.86","7.79","7.79"," ","0.00","7.79","11","7.80","17","25.13",
"2897A","王道銀甲特","158,982","83","1,669,009","10.50","10.50","10.45","10.50"," ","0.00","10.45","134","10.50","48","0.00",
"2901","欣欣","12,124","7","296,118","24.45","24.45","24.40","24.45","+","0.05","24.25","1","24.45","1","59.63",
"2903","遠百","3,062,157","1,054","49,567,792","16.05","16.30","16.00","16.25","+","0.45","16.25","32","16.30","142","14.38",
"2904","匯僑","76,551","61","1,585,398","20.85","20.85","20.60","20.65","-","0.20","20.65","4","20.70","7","12.37",
"2905","三商","224,162","146","3,866,347","17.25","17.35","17.20","17.35","+","0.10","17.30","2","17.35","8","0.00",
"2906","高林","123,677","42","1,249,820","10.10","10.20","10.05","10.10"," ","0.00","10.10","10","10.15","5","63.13",
"2908","特力","832,020","257","18,629,395","22.45","22.45","22.30","22.45","+","0.10","22.35","33","22.45","33","13.77",
"2910","統領","0","0","0","--","--","--","--"," ","0.00","25.85","2","26.70","1","111.25",
"2911","麗嬰房","150,354","114","1,364,918","9.11","9.15","9.05","9.13","+","0.02","9.13","1","9.14","1","3.30",
"2912","統一超","851,659","654","274,476,731","323.00","323.00","320.50","323.00"," ","0.00","322.50","37","323.00","124","11.07",
"2913","農林","405,069","228","6,315,759","15.60","15.65","15.50","15.65","+","0.10","15.60","5","15.65","16","0.00",
"2915","潤泰全","662,799","477","54,318,388","82.60","82.80","81.60","81.60","-","0.90","81.60","49","81.70","1","2.26",
"2923","鼎固-KY","7,000","7","138,950","20.25","20.25","19.70","19.95"," ","0.00","19.70","1","19.95","1","55.42",
"2929","淘帝-KY","130,511","137","10,516,670","80.50","81.00","80.30","80.60","+","0.10","80.60","1","80.70","5","7.76",
"2936","客思達-KY","35,000","22","932,550","26.75","26.75","26.50","26.70","-","0.05","26.35","3","26.70","2","0.00",
"2939","凱羿-KY","46,050","45","4,619,585","101.00","101.00","99.60","99.90","-","0.60","99.70","1","100.00","1","9.07",
"3002","歐格","50,200","28","468,220","9.32","9.40","9.30","9.37","-","0.04","9.32","5","9.37","1","0.00",
"3003","健和興","1,139,000","893","50,697,150","45.10","45.15","44.15","44.50","-","0.40","44.50","26","44.60","2","15.03",
"3004","豐達科","1,309,016","1,065","105,131,183","80.20","82.10","78.10","80.80"," ","0.00","80.70","1","80.80","2","16.19",
"3005","神基","3,148,171","1,557","142,697,882","45.05","45.90","44.75","45.35","+","0.75","45.35","47","45.40","12","12.39",
"3006","晶豪科","1,767,644","965","57,478,467","32.10","32.75","32.10","32.65","+","0.70","32.60","53","32.65","4","9.80",
"3008","大立光","426,534","491","1,594,675,070","3,740.00","3,765.00","3,715.00","3,720.00","-","20.00","3,715.00","16","3,720.00","6","18.83",
"3010","華立","145,006","125","7,362,018","51.20","51.30","49.90","50.50","-","0.60","50.20","11","50.50","4","8.24",
"3011","今皓","291,497","112","2,168,136","7.56","7.60","7.31","7.31","-","0.23","7.31","20","7.45","2","0.00",
"3013","晟銘電","160,000","64","2,352,750","14.75","14.75","14.65","14.75"," ","0.00","14.70","3","14.75","3","23.79",
"3014","聯陽","571,235","379","19,132,133","33.55","33.65","33.30","33.45"," ","0.00","33.40","8","33.50","15","11.04",
"3015","全漢","144,516","56","2,644,817","18.30","18.45","18.25","18.25"," ","0.00","18.25","48","18.35","9","20.98",
"3016","嘉晶","18,994,293","10,910","877,149,339","44.30","48.10","43.90","46.60","+","2.45","46.55","43","46.60","17","31.70",
"3017","奇鋐","4,434,131","2,032","110,295,744","25.05","25.15","24.65","24.80","-","0.25","24.80","13","24.85","22","12.22",
"3018","同開","209,408","168","6,436,355","30.95","31.15","30.50","30.50"," ","0.00","30.50","2","30.60","1","0.00",
"3019","亞光","2,102,583","1,519","153,411,154","73.80","74.00","72.60","72.70","-","0.50","72.70","40","72.80","2","23.15",
"3021","鴻名","24,000","11","346,350","14.45","14.50","14.40","14.45","-","0.05","14.40","6","14.45","8","10.70",
"3022","威強電","155,920","103","5,491,371","34.85","35.40","34.85","35.35","+","0.50","35.30","1","35.40","16","13.39",
"3023","信邦","674,882","560","56,010,676","84.30","84.30","82.00","83.50","-","0.70","82.80","12","83.50","13","13.09",
"3024","憶聲","272,288","86","1,679,700","6.11","6.20","6.11","6.16","+","0.05","6.16","5","6.18","14","18.67",
"3025","星通","249,054","170","4,590,876","18.30","18.70","18.05","18.05"," ","0.00","18.05","8","18.10","1","200.56",
"3026","禾伸堂","3,482,291","2,575","396,714,883","113.50","116.00","112.00","112.00"," ","0.00","112.00","237","112.50","10","5.88",
"3027","盛達","43,897","61","373,860","8.50","8.55","8.50","8.51","-","0.01","8.51","2","8.54","1","0.00",
"3028","增你強","228,017","140","4,859,907","21.25","21.40","21.25","21.30","+","0.10","21.30","23","21.35","20","9.91",
"3029","零壹","501,334","261","10,134,369","20.20","20.30","20.15","20.15","-","0.05","20.15","5","20.25","27","10.61",
"3030","德律","617,568","473","29,938,632","47.95","48.90","47.80","48.60","+","0.70","48.60","10","48.65","18","11.77",
"3031","佰鴻","68,567","41","738,444","10.85","10.85","10.70","10.75"," ","0.00","10.75","12","10.80","6","14.33",
"3032","偉訓","36,458","31","905,275","24.90","24.90","24.75","24.75","-","0.15","24.75","1","24.80","1","7.34",
"3033","威健","286,265","206","5,466,518","19.10","19.15","19.05","19.10","+","0.05","19.05","46","19.10","35","8.68",
"3034","聯詠","2,882,127","1,888","445,074,804","154.50","156.50","152.50","153.00","-","1.50","153.00","93","153.50","3","16.47",
"3035","智原","2,180,499","1,528","97,075,674","44.60","44.95","44.20","44.40","+","0.30","44.40","33","44.45","2","48.79",
"3036","文曄","1,185,061","700","48,000,545","40.40","40.65","40.30","40.65","+","0.35","40.60","16","40.65","57","7.77",
"3037","欣興","40,607,132","13,787","911,708,682","22.20","22.90","21.95","22.35","+","0.65","22.35","196","22.40","58","18.94",
"3038","全台","445,770","124","4,515,071","10.10","10.20","10.05","10.15","+","0.05","10.10","132","10.15","8","13.01",
"3040","遠見","26,000","21","825,100","31.55","31.90","31.55","31.80","+","0.25","31.80","1","31.90","6","29.17",
"3041","揚智","520,220","329","6,050,417","11.70","11.70","11.55","11.65"," ","0.00","11.65","40","11.70","53","0.00",
"3042","晶技","658,106","388","22,265,454","33.30","34.15","33.30","34.10","+","0.95","34.00","1","34.10","3","15.36",
"3043","科風","352,592","51","934,884","2.56","2.70","2.56","2.64","+","0.09","2.57","2","2.64","4","29.33",
"3044","健鼎","888,435","769","74,335,053","84.50","84.50","83.40","83.80","-","0.10","83.70","7","83.80","40","9.60",
"3045","台灣大","5,318,086","1,410","574,867,323","109.50","109.50","108.00","108.00","-","1.50","108.00","168","108.50","252","22.64",
"3046","建碁","17,056","26","318,035","19.10","19.10","18.60","18.60","-","0.60","18.60","2","18.75","1","0.00",
"3047","訊舟","294,195","142","2,786,742","9.57","9.57","9.44","9.45","+","0.01","9.45","19","9.47","5","0.00",
"3048","益登","172,855","125","2,285,124","13.15","13.30","13.15","13.20","+","0.05","13.20","2","13.25","2","11.48",
"3049","和鑫","3,341,334","1,334","26,802,065","7.86","8.16","7.86","8.02","+","0.16","8.01","5","8.02","1","13.37",
"3050","鈺德","133,800","81","1,283,436","9.61","9.66","9.57","9.57","-","0.08","9.57","7","9.63","4","41.61",
"3051","力特","192,731","110","614,125","3.18","3.23","3.17","3.20","+","0.03","3.17","15","3.20","5","0.00",
"3052","夆典","174,048","47","1,495,223","8.59","8.60","8.58","8.60","+","0.02","8.60","3","8.61","104","19.55",
"3054","立萬利","22,743","64","608,939","26.60","27.00","26.60","26.80","+","0.45","26.70","1","26.80","5","178.67",
"3055","蔚華科","269,812","79","7,056,412","25.55","26.45","25.55","26.05","+","0.10","26.05","10","26.30","10","40.70",
"3056","總太","953,444","421","18,105,388","18.90","19.15","18.90","18.90","+","0.15","18.90","54","18.95","4","12.77",
"3057","喬鼎","93,305","88","747,316","8.04","8.04","8.00","8.01","-","0.03","8.01","4","8.03","6","0.00",
"3058","立德","40,704","48","311,654","7.65","7.69","7.57","7.57","-","0.08","7.58","1","7.67","5","0.00",
"3059","華晶科","2,179,632","1,171","58,107,403","26.60","26.90","26.40","26.55","+","0.25","26.55","7","26.60","5","61.74",
"3060","銘異","1,013,618","561","15,907,904","15.80","16.00","15.45","15.80","-","0.20","15.75","10","15.80","21","0.00",
"3062","建漢","1,167,535","663","17,740,748","14.90","15.35","14.90","15.20","+","0.35","15.20","39","15.25","2","29.23",
"3090","日電貿","1,667,292","1,147","88,976,802","53.80","53.80","52.80","52.80","-","0.20","52.80","41","52.90","4","6.26",
"3094","聯傑","156,326","119","2,961,842","19.10","19.30","18.80","18.85","-","0.20","18.85","1","18.90","1","39.27",
"3130","一零四","2,169","5","338,448","156.00","156.00","156.00","156.00","+","1.00","155.00","2","156.50","1","17.61",
"3149","正達","322,460","172","2,897,194","9.01","9.04","8.93","8.99","-","0.01","8.99","5","9.03","5","0.00",
"3164","景岳","20,008","19","527,759","26.40","26.45","26.30","26.30","-","0.15","26.30","2","26.35","22","19.92",
"3167","大量","180,025","126","7,232,050","40.40","40.40","40.00","40.10","-","0.35","40.10","4","40.15","1","7.02",
"3189","景碩","1,379,505","868","60,720,621","44.40","44.50","43.70","43.75","-","0.25","43.70","88","43.75","3","54.69",
"3209","全科","52,021","84","889,449","17.15","17.15","17.05","17.10","+","0.10","17.05","14","17.10","6","10.06",
"3229","晟鈦","232,060","116","3,976,970","17.10","17.30","17.00","17.10","+","0.10","17.10","11","17.20","1","0.00",
"3231","緯創","17,850,104","7,005","379,707,570","21.50","21.60","21.00","21.30"," ","0.00","21.25","81","21.30","40","13.65",
"3257","虹冠電","56,632","74","2,897,137","50.70","52.00","50.70","50.80","+","0.10","50.80","4","51.50","9","33.20",
"3266","昇陽","312,000","123","3,540,200","11.20","11.50","11.20","11.50","+","0.30","11.50","27","11.55","9","15.97",
"3296","勝德","28,713","11","413,544","14.40","14.45","14.30","14.45"," ","0.00","14.30","14","14.45","11","35.24",
"3305","昇貿","35,547","43","688,677","19.45","19.45","19.30","19.45","+","0.05","19.30","3","19.45","4","52.57",
"3308","聯德","6,164","7","38,225","6.21","6.21","6.16","6.16","-","0.04","6.16","2","6.38","4","0.00",
"3311","閎暉","103,270","100","1,309,331","12.55","12.80","12.55","12.70","+","0.15","12.70","3","12.75","12","0.00",
"3312","弘憶股","11,669,502","191","110,415,340","10.60","10.60","10.40","10.40","-","0.10","10.40","14","10.50","9","7.82",
"3321","同泰","829,047","364","8,593,090","10.10","10.55","10.10","10.50","+","0.51","10.50","12","10.55","17","0.00",
"3338","泰碩","5,970,554","3,365","211,447,861","35.80","36.30","34.45","34.80","-","0.40","34.80","68","34.85","25","45.79",
"3346","麗清","125,043","92","4,447,329","35.50","35.80","35.50","35.55"," ","0.00","35.55","4","35.60","3","10.04",
"3356","奇偶","711,907","507","21,917,603","31.20","31.35","30.30","30.45","-","0.25","30.45","11","30.50","1","435.00",
"3376","新日興","622,049","499","55,300,316","88.00","89.70","87.90","88.50","+","1.10","88.30","4","88.50","2","17.63",
"3380","明泰","1,395,010","574","24,778,878","17.80","17.85","17.65","17.75","+","0.05","17.75","14","17.80","39","0.00",
"3383","新世紀","60,419","7","116,922","1.84","1.94","1.84","1.91","-","0.01","1.90","5","1.91","2","0.00",
"3406","玉晶光","5,049,357","3,939","1,116,940,572","220.00","224.00","218.50","222.00","+","3.00","221.50","1","222.00","41","18.08",
"3413","京鼎","6,166,454","4,503","874,842,330","134.00","145.00","133.50","145.00","+","13.00","145.00","221","--","0","9.89",
"3416","融程電","32,563","38","1,664,977","50.90","51.40","50.80","51.40","+","0.40","51.30","6","51.50","9","20.73",
"3419","譁裕","369,539","174","6,255,763","16.95","17.00","16.85","16.95","+","0.10","16.90","25","16.95","31","0.00",
"3432","台端","70,000","38","1,054,550","15.00","15.10","15.00","15.10","+","0.15","15.05","9","15.10","10","3.95",
"3437","榮創","345,500","211","5,631,525","16.25","16.40","16.20","16.30","+","0.15","16.25","10","16.30","1","0.00",
"3443","創意","2,174,814","1,777","445,865,742","205.00","207.00","202.50","202.50","-","0.50","202.50","23","203.00","3","25.03",
"3450","聯鈞","1,465,173","1,084","98,331,008","66.50","67.80","66.50","66.70","+","0.60","66.70","26","66.80","15","13.72",
"3454","晶睿","193,717","217","19,551,700","101.50","102.00","100.50","100.50","-","0.50","100.50","2","101.00","4","21.94",
"3481","群創","18,649,204","3,604","192,458,082","10.40","10.45","10.25","10.30","-","0.15","10.30","79","10.35","2,456","14.11",
"3494","誠研","74,161","115","480,210","6.50","6.58","6.44","6.54","-","0.01","6.46","12","6.54","9","0.00",
"3501","維熹","70,249","54","3,634,597","51.90","51.90","51.60","51.70","-","0.20","51.70","1","51.80","9","9.12",
"3504","揚明光","5,084,230","3,457","394,496,525","77.50","79.80","76.80","76.90","-","4.10","76.90","6","77.10","3","50.93",
"3515","華擎","227,512","132","12,265,648","53.80","54.20","53.30","54.10","+","0.10","54.00","5","54.20","7","10.65",
"3518","柏騰","163,967","132","2,573,614","15.30","15.95","15.30","15.70","+","0.30","15.70","5","15.75","1","0.00",
"3519","綠能","1,186,505","267","7,902,117","6.66","6.66","6.66","6.66","+","0.60","6.66","2,065","--","0","0.00",
"3528","安馳","113,251","95","3,756,342","33.10","33.40","33.00","33.25","+","0.15","33.10","2","33.25","5","12.27",
"3530","晶相光","724,243","581","67,077,099","93.00","93.80","91.10","92.80","-","0.20","92.30","1","92.80","1","37.12",
"3532","台勝科","2,695,656","1,931","337,209,532","126.00","126.50","123.00","123.00","-","1.00","123.00","34","123.50","13","9.66",
"3533","嘉澤","1,113,359","883","235,996,390","210.50","214.50","207.50","210.50","+","0.50","210.50","29","211.50","1","14.99",
"3535","晶彩科","525,111","223","8,444,535","16.15","16.30","15.95","15.95","-","0.20","15.95","23","16.00","26","30.09",
"3536","誠創","17,325","17","136,004","7.77","7.99","7.77","7.82","-","0.04","7.82","2","7.87","3","0.00",
"3545","敦泰","3,376,393","1,801","76,672,539","22.40","22.95","22.30","22.90","+","0.65","22.85","35","22.90","36","0.00",
"3550","聯穎","65,117","139","1,095,999","16.85","16.85","16.80","16.80","-","0.05","16.80","22","16.90","1","10.63",
"3557","嘉威","16,529","54","284,314","17.25","17.25","17.15","17.25","-","0.05","17.25","2","17.30","36","0.00",
"3576","聯合再生","4,574,054","1,571","38,158,309","8.34","8.41","8.27","8.31","-","0.02","8.31","104","8.33","4","0.00",
"3579","尚志","400,052","181","2,849,441","7.17","7.18","7.00","7.17","+","0.17","7.16","2","7.17","3","0.00",
"3583","辛耘","3,637,657","1,938","227,494,090","61.00","63.00","61.00","63.00","+","5.70","62.80","5","63.00","33","12.88",
"3588","通嘉","112,033","98","2,327,793","20.85","20.90","20.70","20.80","-","0.15","20.80","4","20.90","6","26.67",
"3591","艾笛森","47,207","53","633,048","13.40","13.50","13.35","13.35","-","0.05","13.35","20","13.45","4","0.00",
"3593","力銘","55,291","225","443,458","8.00","8.10","8.00","8.05","+","0.01","8.01","1","8.05","5","0.00",
"3596","智易","3,215,300","2,339","277,081,900","86.40","87.20","85.40","86.00","-","0.50","85.90","1","86.00","4","20.33",
"3605","宏致","711,850","452","16,670,182","22.90","23.65","22.85","23.40","+","0.50","23.35","4","23.40","1","18.28",
"3607","谷崧","218,001","153","3,426,867","15.95","16.00","15.60","15.65","-","0.30","15.65","1","15.70","1","0.00",
"3617","碩天","15,000","15","1,172,000","78.10","78.30","78.10","78.10"," ","0.00","78.20","6","79.00","1","10.36",
"3622","洋華","87,044","84","1,359,116","15.85","15.85","15.55","15.55"," ","0.00","15.50","33","15.55","2","16.54",
"3645","達邁","1,251,452","996","61,186,227","49.45","49.55","48.60","48.90","-","0.65","48.90","18","48.95","2","15.38",
"3653","健策","3,055,274","2,051","261,863,175","86.50","87.20","84.80","85.00"," ","0.00","85.00","175","85.10","21","23.81",
"3661","世芯-KY","3,884,160","2,833","304,901,490","79.00","79.50","77.60","77.90","+","0.40","77.80","35","77.90","5","11.63",
"3665","貿聯-KY","2,315,658","1,801","432,735,374","186.00","188.50","184.50","185.50","+","0.50","185.00","109","185.50","10","16.82",
"3669","圓展","179,000","66","2,948,150","16.45","16.80","16.30","16.50","+","0.15","16.45","2","16.50","3","412.50",
"3673","TPK-KY","7,229,906","4,664","373,101,656","50.60","52.30","50.60","51.60","+","1.30","51.50","34","51.60","19","33.73",
"3679","新至陞","24,600","14","1,400,780","56.80","57.00","56.80","57.00","+","0.10","56.80","2","57.00","6","14.81",
"3682","亞太電","2,584,951","815","17,832,298","6.90","6.94","6.87","6.90","+","0.03","6.88","33","6.90","5","0.00",
"3686","達能","151,090","110","538,013","3.62","3.62","3.53","3.57","+","0.01","3.56","13","3.57","22","0.00",
"3694","海華","100,100","69","2,110,055","21.10","21.30","20.95","21.05","+","0.20","21.05","1","21.10","1","0.00",
"3698","隆達","1,328,386","774","23,917,256","18.10","18.15","17.90","17.90","-","0.15","17.90","148","17.95","2","57.74",
"3701","大眾控","51,374","25","638,196","12.15","12.65","12.15","12.25","X","0.00","12.25","1","12.60","1","20.76",
"3702","大聯大","1,961,288","1,312","76,365,759","38.90","39.00","38.80","39.00","+","0.25","38.90","40","39.00","113","8.72",
"3703","欣陸","1,581,493","736","22,923,448","14.50","14.55","14.40","14.50","+","0.05","14.50","69","14.55","199","9.80",
"3704","合勤控","494,124","227","6,810,283","13.90","13.90","13.70","13.70","-","0.15","13.70","50","13.80","20","0.00",
"3705","永信","123,516","78","4,959,365","40.20","40.20","40.10","40.15","-","0.05","40.10","11","40.15","17","16.66",
"3706","神達","1,219,645","706","33,583,014","27.40","27.70","27.35","27.60","+","0.10","27.55","1","27.60","118","7.77",
"3708","上緯投控","8,034,546","5,438","693,107,148","84.70","87.50","84.70","87.50","+","3.60","87.30","75","87.50","165","10.49",
"3711","日月光投控","2,286,889","1,349","138,102,204","60.50","60.80","60.10","60.50"," ","0.00","60.40","22","60.50","322","0.00",
"3712","永崴投控","156,531","151","3,007,851","19.15","19.30","19.15","19.15"," ","0.00","19.15","15","19.20","2","0.00",
"4104","佳醫","350,015","288","16,919,566","48.10","48.50","48.00","48.15","-","0.05","48.15","4","48.20","1","14.64",
"4106","雃博","33,375","51","828,441","24.85","24.90","24.75","24.85"," ","0.00","24.85","3","24.90","1","22.19",
"4108","懷特","436,333","268","8,148,377","18.90","18.90","18.50","18.60","-","0.30","18.55","24","18.60","4","0.00",
"4119","旭富","455,182","359","34,430,664","76.10","76.10","75.40","75.50","-","0.30","75.50","17","75.60","1","15.16",
"4133","亞諾法","209,130","151","6,055,242","28.40","29.60","28.20","29.40","+","1.00","29.20","8","29.40","3","40.27",
"4137","麗豐-KY","1,064,085","935","294,641,253","266.50","282.00","266.50","281.50","+","15.00","280.50","12","281.50","9","20.73",
"4141","龍燈-KY","153,262","126","2,991,260","19.90","19.90","19.35","19.35","-","0.50","19.30","10","19.35","2","35.18",
"4142","國光生","455,015","255","9,143,550","20.25","20.25","20.00","20.00","-","0.10","20.00","52","20.05","1","0.00",
"4144","康聯-KY","126,180","72","3,482,575","27.75","27.75","27.50","27.60","+","0.10","27.55","1","27.60","7","13.40",
"4148","全宇生技-KY","123,040","97","7,348,772","60.20","60.20","59.50","59.50","-","0.30","59.50","5","59.80","2","11.12",
"4155","訊映","17,100","15","447,490","26.00","26.30","26.00","26.15","+","0.20","26.05","3","26.20","3","13.27",
"4164","承業醫","132,100","74","4,159,080","31.35","31.65","31.30","31.45","+","0.20","31.40","1","31.50","6","116.48",
"4190","佐登-KY","1,187,797","886","140,605,249","116.50","119.50","116.50","117.50","+","1.00","117.50","91","118.00","18","16.93",
"4306","炎洲","275,844","164","3,705,307","13.40","13.50","13.40","13.45","+","0.05","13.40","105","13.45","3","9.21",
"4414","如興","974,214","305","13,679,955","14.00","14.10","14.00","14.05","+","0.05","14.00","66","14.10","76","0.00",
"4426","利勤","403,483","322","16,811,842","41.95","42.10","41.40","41.40","-","0.30","41.40","8","41.45","2","22.02",
"4438","廣越","106,278","97","12,452,165","117.50","117.50","116.50","117.50","+","1.00","117.00","7","117.50","3","16.91",
"4526","東台","47,254","44","839,561","17.80","17.85","17.70","17.80","+","0.05","17.80","3","17.85","8","49.44",
"4532","瑞智","363,400","205","9,578,998","26.30","26.50","26.20","26.40","+","0.25","26.40","6","26.45","8","11.79",
"4536","拓凱","1,407,083","1,064","183,195,458","128.00","132.50","126.00","126.00","-","1.50","126.00","31","126.50","1","15.97",
"4540","全球傳動","624,000","474","42,569,800","67.30","68.90","67.30","68.10","+","1.10","68.10","16","68.20","2","12.12",
"4545","銘鈺","14,000","10","353,900","25.30","25.30","25.15","25.15","-","0.55","25.10","3","25.50","3","0.00",
"4551","智伸科","1,543,000","1,283","207,663,000","135.00","139.00","130.00","130.00","-","1.00","129.50","11","130.00","11","20.63",
"4552","力達-KY","202,150","167","12,354,705","61.50","61.50","60.80","60.80"," ","0.00","60.80","18","61.00","1","6.93",
"4555","氣立","9,000","9","524,100","58.20","58.40","57.80","58.20","+","0.20","57.80","5","58.30","2","22.73",
"4557","永新-KY","45,013","54","3,157,197","70.50","70.50","69.90","69.90","-","0.10","69.90","6","70.20","3","16.11",
"4560","強信-KY","88,000","45","4,622,000","52.80","52.90","52.30","52.50"," ","0.00","52.40","2","52.50","2","11.41",
"4562","穎漢","17,000","14","609,250","35.70","36.00","35.60","36.00"," ","0.00","35.60","3","36.00","9","14.46",
"4566","時碩工業","78,015","66","3,327,898","43.05","43.15","42.35","42.50","-","0.65","42.40","3","42.60","1","12.01",
"4720","德淵","95,274","24","1,321,358","14.05","14.05","13.80","14.00","-","0.05","13.85","2","14.00","26","60.87",
"4722","國精化","46,737","51","1,241,099","26.60","26.60","26.40","26.55","-","0.05","26.55","1","26.60","2","9.69",
"4725","信昌化","1,044,090","607","23,511,137","22.25","22.80","22.15","22.65","+","0.55","22.60","1","22.65","4","18.72",
"4737","華廣","25,000","14","1,190,400","47.70","48.00","47.30","47.80","+","0.20","47.50","2","47.80","1","24.14",
"4739","康普","1,227,814","982","115,365,482","93.10","94.70","92.60","93.80","+","1.20","93.80","3","93.90","6","16.51",
"4746","台耀","106,000","84","4,205,150","39.55","39.80","39.45","39.75","+","0.35","39.60","3","39.75","1","38.22",
"4755","三福化","12,168","12","485,703","39.80","40.20","39.65","39.80","-","0.15","39.80","3","40.15","1","9.45",
"4763","材料-KY","238,000","192","31,426,000","131.50","134.00","131.00","131.50","+","0.50","131.50","7","132.00","2","26.84",
"4764","雙鍵","74,183","75","6,116,633","83.00","83.00","82.20","82.70"," ","0.00","82.50","1","82.70","1","12.00",
"4766","南寶","251,437","189","28,919,255","113.00","116.00","113.00","116.00","+","3.00","115.50","12","116.00","30","15.74",
"4807","日成-KY","8,086","42","433,667","53.80","53.80","53.50","53.70","+","0.20","53.60","2","53.80","2","9.66",
"4904","遠傳","5,246,837","1,905","377,744,124","72.30","72.50","71.70","71.90","-","0.30","71.80","162","71.90","130","23.42",
"4906","正文","1,991,413","1,214","49,736,460","24.75","25.20","24.75","24.90","+","0.25","24.90","18","24.95","2","0.00",
"4912","聯德控股-KY","79,075","78","11,757,287","149.00","150.50","147.00","147.00","-","1.00","147.00","5","148.00","3","20.25",
"4915","致伸","1,335,535","862","67,248,956","50.50","50.60","49.90","50.50","+","0.20","50.30","1","50.50","70","11.80",
"4916","事欣科","206,134","187","6,455,211","31.15","31.45","31.15","31.25","+","0.25","31.25","7","31.35","3","12.11",
"4919","新唐","1,189,731","841","56,871,103","47.90","48.25","47.55","47.75","+","0.25","47.75","5","47.80","14","14.17",
"4927","泰鼎-KY","11,087,135","5,214","462,428,885","41.45","42.30","40.95","41.10","+","0.30","41.10","54","41.20","11","11.54",
"4930","燦星網","17,431","32","187,193","10.80","10.90","10.80","10.80"," ","0.00","10.80","6","10.95","4","0.00",
"4934","太極","431,071","189","2,321,943","5.42","5.43","5.35","5.37","-","0.04","5.37","1","5.38","1","0.00",
"4935","茂林-KY","63,000","40","1,998,500","31.60","31.90","31.60","31.80","+","0.10","31.75","4","31.90","15","24.46",
"4938","和碩","6,059,243","3,596","311,705,451","51.40","52.10","51.00","51.50","+","0.50","51.40","9","51.50","200","11.63",
"4942","嘉彰","276,140","206","9,982,888","36.35","36.35","36.00","36.00","-","0.30","35.95","5","36.10","4","8.78",
"4943","康控-KY","3,188,879","1,771","373,010,656","110.00","118.50","110.00","118.50","+","10.50","118.50","2,477","--","0","11.31",
"4952","凌通","232,007","158","7,896,595","34.10","34.15","34.00","34.05","+","0.05","33.95","7","34.05","6","11.95",
"4956","光鋐","180,012","99","2,719,730","15.20","15.25","15.00","15.00","-","0.15","15.00","38","15.10","1","65.22",
"4958","臻鼎-KY","2,441,876","1,522","191,730,065","78.40","79.10","77.90","78.70","-","0.50","78.60","1","78.70","14","8.11",
"4960","誠美材","50,258,436","10,037","541,495,931","10.45","11.10","10.35","11.10","+","1.00","11.10","185","--","0","0.00",
"4961","天鈺","565,600","314","21,410,240","37.80","38.25","37.40","37.90","+","0.60","37.85","5","37.90","81","20.71",
"4967","十銓","345,250","189","9,207,012","26.65","26.95","26.50","26.65"," ","0.00","26.60","4","26.65","39","6.85",
"4968","立積","2,094,214","1,581","114,376,093","55.00","56.10","52.80","52.80","-","1.70","52.80","15","52.90","1","16.25",
"4976","佳凌","967,590","601","32,373,185","33.65","34.00","33.10","33.45","-","0.30","33.45","4","33.50","5","74.33",
"4977","眾達-KY","2,067,975","1,601","175,658,575","83.70","86.40","82.90","85.00","+","2.70","85.00","3","85.10","3","14.96",
"4989","榮科","1,346,100","796","35,481,910","26.55","26.95","25.80","26.10","-","0.50","26.10","10","26.20","1","11.65",
"4994","傳奇","45,000","28","2,643,600","58.70","58.90","58.50","58.70"," ","0.00","58.70","2","59.70","3","0.00",
"4999","鑫禾","222,000","62","10,463,450","47.45","47.45","47.05","47.25","+","0.05","47.25","3","47.30","4","7.37",
"5007","三星","61,052","32","3,210,330","52.80","52.80","52.50","52.80"," ","0.00","52.80","1","52.90","9","13.61",
"5203","訊連","33,051","35","2,321,770","69.70","70.60","69.70","70.20","+","0.20","70.00","1","70.20","3","18.62",
"5215","科嘉-KY","210,348","134","6,451,248","30.40","31.00","30.20","30.80","+","0.40","30.65","12","30.80","5","9.45",
"5225","東科-KY","95,000","63","2,714,600","28.70","28.75","28.45","28.45","-","0.25","28.45","3","28.60","2","7.55",
"5234","達興材料","534,473","468","49,930,666","93.50","94.60","91.70","93.80","+","1.00","93.60","46","93.80","5","15.79",
"5243","乙盛-KY","200,050","120","5,906,681","29.35","29.65","29.35","29.60","+","0.25","29.60","2","29.65","11","14.44",
"5258","虹堡","179,321","130","2,579,136","14.50","14.55","14.35","14.35"," ","0.00","14.35","5","14.40","9","59.79",
"5259","奕智博","29,021","7","290,036","10.00","10.00","9.96","9.96","-","0.04","9.96","4","9.99","5","0.00",
"5264","鎧勝-KY","2,488,502","1,697","119,901,346","48.80","49.05","47.65","47.70","-","1.55","47.70","16","47.80","5","0.00",
"5269","祥碩","1,064,926","1,028","622,485,338","595.00","605.00","566.00","566.00","-","23.00","566.00","3","567.00","2","44.67",
"5284","jpp-KY","6,000","6","320,100","53.20","53.50","53.20","53.50","+","0.20","53.20","1","53.50","1","12.74",
"5285","界霖","42,060","35","2,850,374","67.10","68.20","67.10","67.90","+","0.30","67.80","1","67.90","5","13.03",
"5288","豐祥-KY","710,050","548","84,248,900","120.50","120.50","116.00","117.50","-","0.50","117.00","32","117.50","1","14.74",
"5305","敦南","1,889,966","950","54,967,614","29.30","29.35","28.90","28.90","-","0.50","28.90","12","28.95","3","13.57",
"5388","中磊","2,844,506","1,915","184,122,790","64.30","65.20","64.20","64.50","+","0.30","64.40","4","64.50","3","17.57",
"5434","崇越","344,354","361","24,501,834","71.40","71.90","70.60","71.00"," ","0.00","70.80","3","71.00","2","10.66",
"5469","瀚宇博","2,295,326","1,099","55,426,752","24.15","24.35","23.90","24.10","-","0.05","24.10","7","24.15","8","6.79",
"5471","松翰","119,616","82","3,440,607","28.85","29.00","28.65","28.70","+","0.10","28.70","9","28.85","3","15.11",
"5484","慧友","53,012","30","256,498","4.86","4.88","4.81","4.88","+","0.02","4.82","2","4.87","5","0.00",
"5515","建國","58,022","46","554,961","9.50","9.64","9.49","9.55","+","0.05","9.55","5","9.59","5","12.91",
"5519","隆大","1,660,450","575","22,202,401","13.30","13.50","13.15","13.40","+","0.25","13.35","41","13.40","17","9.24",
"5521","工信","537,046","265","4,498,433","8.30","8.44","8.30","8.37","+","0.09","8.37","16","8.38","10","0.00",
"5522","遠雄","912,170","641","34,217,537","37.20","37.80","37.15","37.30","+","0.10","37.30","1","37.35","1","14.92",
"5525","順天","139,799","53","3,000,897","21.45","21.55","21.40","21.50"," ","0.00","21.40","14","21.50","17","5.58",
"5531","鄉林","441,124","245","4,583,323","10.30","10.45","10.30","10.40","+","0.10","10.35","24","10.45","70","11.18",
"5533","皇鼎","106,339","8","1,710,274","16.05","16.10","16.05","16.10","+","0.05","16.05","7","16.10","23","11.26",
"5534","長虹","566,832","489","47,837,970","85.00","85.00","84.10","84.50","-","0.30","84.50","4","84.60","6","5.07",
"5538","東明-KY","3,000","2","105,000","35.00","35.00","35.00","35.00"," ","0.00","34.80","2","35.00","6","8.27",
"5607","遠雄港","124,000","52","2,235,550","18.05","18.20","17.90","17.90","-","0.10","17.90","32","18.05","2","11.78",
"5608","四維航","460,720","202","3,378,121","7.31","7.37","7.30","7.35","+","0.01","7.34","1","7.35","7","0.00",
"5706","鳳凰","38,163","51","1,362,619","35.65","35.85","35.55","35.75","+","0.10","35.75","2","35.80","2","14.36",
"5871","中租-KY","1,901,144","1,358","212,792,044","113.00","113.00","111.00","112.00"," ","0.00","111.50","33","112.00","261","11.41",
"5876","上海商銀","9,988,408","4,343","429,509,522","43.65","43.65","42.85","43.30","-","0.40","43.30","5","43.35","9","13.75",
"5880","合庫金","6,858,728","2,483","127,014,167","18.55","18.60","18.45","18.55"," ","0.00","18.50","439","18.55","1,148","15.72",
"5906","台南-KY","2,000","1","20,200","10.10","10.10","10.10","10.10"," ","0.00","10.05","1","10.15","1","14.85",
"5907","大洋-KY","1,746,397","793","59,491,489","34.30","34.30","33.60","33.90","-","0.15","33.80","5","33.90","20","8.92",
"6005","群益證","1,187,391","462","10,877,604","9.16","9.18","9.14","9.16"," ","0.00","9.16","133","9.17","32","8.33",
"6024","群益期","113,117","93","5,409,116","48.20","48.20","47.65","47.65","-","0.15","47.60","2","47.65","3","9.20",
"6108","競國","162,432","141","4,275,921","26.40","26.40","26.25","26.30","-","0.10","26.30","1","26.35","2","8.48",
"6112","聚碩","97,350","106","3,007,830","30.95","30.95","30.80","30.85","-","0.05","30.85","12","30.95","7","10.79",
"6115","鎰勝","31,000","23","1,249,200","40.35","40.35","40.10","40.20","-","0.15","40.25","2","40.35","6","16.34",
"6116","彩晶","8,002,758","1,719","56,456,552","7.10","7.16","7.01","7.01","-","0.07","7.01","238","7.03","45","5.79",
"6117","迎廣","8,000","5","103,350","12.85","13.20","12.85","12.85","-","0.05","12.85","30","13.25","2","3.48",
"6120","達運","4,115,959","1,651","70,051,154","16.85","17.30","16.75","17.05","-","0.05","17.05","7","17.10","25","35.52",
"6128","上福","116,202","77","3,741,464","32.55","32.55","31.55","32.05","-","0.35","32.05","5","32.30","2","15.79",
"6133","金橋","3,002","5","25,816","8.60","8.60","8.60","8.60"," ","0.00","8.61","1","8.68","1","57.33",
"6136","富爾特","41,111","57","785,251","19.05","19.20","19.00","19.20","+","0.10","19.20","2","19.25","8","18.11",
"6139","亞翔","148,125","79","3,889,475","26.40","26.50","26.10","26.20","+","0.05","26.20","7","26.25","4","10.00",
"6141","柏承","311,001","151","4,599,864","14.75","14.90","14.70","14.75"," ","0.00","14.75","1","14.85","30","27.83",
"6142","友勁","182,131","129","1,537,048","8.40","8.47","8.39","8.43","+","0.03","8.42","14","8.44","28","0.00",
"6152","百一","2,869,813","635","14,697,558","4.73","5.18","4.62","5.18","+","0.47","5.18","612","--","0","0.00",
"6153","嘉聯益","11,260,744","4,644","301,288,919","26.50","26.95","26.40","26.70","+","0.35","26.65","94","26.70","15","26.70",
"6155","鈞寶","243,000","148","5,044,850","20.75","20.90","20.65","20.70"," ","0.00","20.70","11","20.75","3","15.00",
"6164","華興","169,120","91","1,426,673","8.43","8.48","8.41","8.47","+","0.04","8.45","1","8.47","10","0.00",
"6165","捷泰","44,036","28","361,542","8.24","8.24","8.10","8.15"," ","0.00","8.15","1","8.23","2","0.00",
"6166","凌華","2,413,621","1,563","102,435,029","41.90","43.00","41.10","42.40","+","3.30","42.20","3","42.40","5","44.63",
"6168","宏齊","114,079","91","1,474,052","12.90","13.00","12.90","12.90"," ","0.00","12.90","22","13.00","28","13.72",
"6172","互億","6,000","5","74,850","12.75","12.75","12.40","12.40"," ","0.00","12.35","1","12.45","1","47.69",
"6176","瑞儀","2,896,833","2,190","245,698,143","85.20","85.70","84.10","84.70","-","1.30","84.60","14","84.70","5","9.72",
"6177","達麗","331,586","203","10,163,334","30.70","31.20","30.10","30.75","+","0.05","30.60","4","30.80","1","36.18",
"6183","關貿","11,503","13","378,851","32.95","32.95","32.80","32.90","+","0.05","32.90","8","33.00","1","18.28",
"6184","大豐電","33,417","34","1,191,715","35.70","35.70","35.60","35.70"," ","0.00","35.70","6","35.75","1","13.42",
"6189","豐藝","142,208","122","4,067,995","28.60","28.65","28.55","28.60"," ","0.00","28.55","28","28.60","1","9.93",
"6191","精成科","793,584","395","10,482,117","13.20","13.25","13.15","13.15"," ","0.00","13.15","32","13.20","10","10.96",
"6192","巨路","64,365","44","4,274,890","66.40","66.60","66.30","66.30","+","0.30","66.30","1","66.40","2","10.02",
"6196","帆宣","360,000","259","18,653,200","51.80","52.00","51.50","51.50"," ","0.00","51.50","12","51.80","3","9.88",
"6197","佳必琪","127,601","144","3,436,254","26.70","27.10","26.50","27.00","+","0.50","27.00","3","27.05","7","14.67",
"6201","亞弘電","12,000","9","355,950","29.65","29.80","29.60","29.80","+","0.20","29.70","4","29.80","7","11.20",
"6202","盛群","1,144,753","861","76,087,251","67.00","67.50","65.90","66.20","-","0.80","66.20","1","66.30","3","13.91",
"6205","詮欣","64,000","45","1,414,100","21.95","22.25","21.90","22.10","+","0.20","22.10","13","22.20","5","11.69",
"6206","飛捷","135,156","107","9,648,214","71.40","71.60","71.20","71.50","+","0.30","71.30","29","71.50","23","12.02",
"6209","今國光","698,334","442","20,998,980","30.25","30.40","29.85","30.20","-","0.05","30.15","3","30.20","9","0.00",
"6213","聯茂","4,751,123","2,882","277,550,140","57.50","58.90","57.50","58.10","+","0.60","58.10","32","58.20","3","11.24",
"6214","精誠","388,597","282","24,911,574","64.50","64.50","63.80","63.90","-","0.20","63.90","8","64.10","15","12.55",
"6215","和椿","95,006","76","1,397,846","14.70","14.85","14.60","14.70"," ","0.00","14.65","4","14.70","1","56.54",
"6216","居易","46,579","81","1,300,487","28.00","28.00","27.90","27.95"," ","0.00","27.95","4","28.00","1","11.50",
"6224","聚鼎","51,211","53","2,887,969","56.10","56.80","56.10","56.50","+","0.10","56.40","3","56.70","1","12.12",
"6225","天瀚","7,289","6","23,129","3.11","3.20","3.11","3.20"," ","0.00","3.13","1","3.20","17","0.00",
"6226","光鼎","270,252","136","2,381,889","8.84","8.88","8.75","8.84","+","0.07","8.79","5","8.84","7","68.00",
"6230","超眾","772,123","607","105,663,228","137.50","138.50","136.00","136.00","-","1.00","136.00","9","137.00","5","22.82",
"6235","華孚","294,014","193","5,206,289","17.75","17.80","17.65","17.65","-","0.05","17.65","16","17.70","4","16.19",
"6239","力成","3,590,475","2,181","255,931,041","70.50","72.00","70.30","71.60","+","1.40","71.50","10","71.60","47","8.52",
"6243","迅杰","234,860","147","2,211,389","9.53","9.53","9.36","9.37","-","0.15","9.37","1","9.40","2","0.00",
"6251","定穎","24,183,921","2,552","203,827,454","8.25","8.60","8.12","8.45","+","0.25","8.44","9","8.45","41","0.00",
"6257","矽格","1,648,801","962","47,006,267","28.50","28.65","28.25","28.50","+","0.15","28.45","42","28.50","1","8.21",
"6269","台郡","3,418,993","1,952","252,563,578","73.40","74.90","73.10","73.50","+","0.30","73.40","6","73.50","243","8.24",
"6271","同欣電","2,971,495","2,202","336,878,440","112.00","114.50","111.00","112.50","+","3.50","112.50","25","113.00","49","18.23",
"6277","宏正","275,712","239","25,912,027","93.70","94.70","93.30","93.60","+","0.20","93.50","3","93.60","10","11.14",
"6278","台表科","13,698,107","7,893","604,018,556","44.00","44.85","43.55","43.70","+","0.40","43.65","12","43.70","3","23.12",
"6281","全國電","15,174","18","969,136","63.70","64.00","63.70","63.90","+","0.20","63.80","4","64.00","8","14.11",
"6282","康舒","3,408,705","1,534","66,421,889","19.10","19.80","19.10","19.75","+","0.70","19.70","38","19.75","118","10.51",
"6283","淳安","233,075","189","7,689,895","33.00","33.25","32.90","33.10","+","0.15","33.05","1","33.20","2","300.91",
"6285","啟碁","2,871,586","2,112","218,696,226","76.00","76.70","75.20","76.20","+","0.60","76.20","4","76.30","37","16.14",
"6288","聯嘉","289,000","164","4,820,650","16.65","16.80","16.55","16.60","+","0.15","16.60","33","16.65","1","15.51",
"6289","華上","131,512","62","160,812","1.26","1.26","1.22","1.22","-","0.07","1.22","38","1.23","2","7.63",
"6405","悅城","331,055","207","4,752,080","14.50","14.75","14.05","14.10","-","0.55","14.05","104","14.30","5","39.17",
"6409","旭隼","45,009","45","23,681,752","524.00","528.00","524.00","528.00","+","4.00","525.00","5","528.00","1","24.20",
"6412","群電","1,560,436","784","74,990,961","48.60","48.90","47.90","48.20","-","0.20","48.20","2","48.25","2","15.75",
"6414","樺漢","3,020,211","2,492","774,091,615","248.50","261.50","248.00","256.00","+","12.00","255.50","8","256.50","11","17.29",
"6415","矽力-KY","450,313","431","215,564,110","495.00","504.00","465.00","468.00","-","20.50","467.50","1","468.50","1","21.78",
"6416","瑞祺電通","648,730","566","59,788,560","90.30","93.10","90.30","92.00","+","2.50","92.00","6","92.20","2","18.00",
"6431","光麗-KY","264,159","96","4,297,923","16.25","16.35","16.20","16.35","+","0.15","16.30","4","16.35","12","0.00",
"6442","光聖","36,004","30","1,400,106","39.00","39.15","38.55","38.80","+","0.50","38.70","3","38.90","8","23.37",
"6443","元晶","775,477","248","5,079,701","6.55","6.59","6.50","6.55"," ","0.00","6.53","9","6.55","30","0.00",
"6449","鈺邦","124,157","139","3,877,588","31.35","31.50","31.00","31.00","-","0.15","31.00","4","31.15","1","10.40",
"6451","訊芯-KY","2,422,525","1,866","206,509,115","86.50","87.50","83.80","83.90","-","1.10","83.90","8","84.00","8","90.22",
"6452","康友-KY","695,116","513","117,308,988","169.50","170.00","167.50","168.50"," ","0.00","168.00","25","168.50","5","13.82",
"6456","GIS-KY","13,893,663","9,636","1,442,539,509","99.60","106.50","99.10","103.50","+","5.70","103.50","145","104.00","48","8.05",
"6464","台數科","1,000","1","112,000","112.00","112.00","112.00","112.00","X","0.00","111.50","2","113.00","2","21.50",
"6477","安集","880,000","368","18,962,200","22.05","22.30","21.00","21.00","-","1.05","21.00","60","21.05","15","10.99",
"6504","南六","32,000","32","5,114,500","158.50","161.50","158.00","159.00","+","1.50","159.00","1","160.00","24","18.97",
"6505","台塑化","1,146,852","918","125,628,720","109.00","110.00","108.50","110.00","+","1.50","109.50","29","110.00","314","11.98",
"6525","捷敏-KY","380,400","301","26,885,400","71.30","71.60","70.10","70.10","-","0.50","70.10","31","70.40","1","10.01",
"6531","愛普","266,001","204","13,294,700","50.80","50.90","49.35","49.35","-","0.65","49.35","13","49.40","2","14.78",
"6533","晶心科","1,380,161","1,089","137,161,359","100.50","101.50","98.20","99.00","-","1.50","99.00","51","99.10","1","2,475.00",
"6541","泰福-KY","115,100","91","7,871,010","68.20","69.00","68.10","68.10","-","0.10","68.10","3","68.20","1","0.00",
"6552","易華電","5,112,400","3,806","538,852,300","108.00","109.00","103.00","103.00","-","4.00","103.00","38","103.50","16","83.74",
"6558","興能高","2,128,400","1,674","110,275,018","52.10","52.50","50.80","52.00","+","1.40","51.90","10","52.00","19","27.23",
"6573","虹揚-KY","66,033","52","1,751,569","26.05","27.00","26.05","26.25","+","0.20","26.15","2","26.25","2","29.49",
"6579","研揚","48,000","43","3,599,800","75.50","75.50","74.60","74.80"," ","0.00","74.80","2","75.00","2","13.75",
"6581","鋼聯","294,801","251","29,163,500","96.80","104.50","96.70","98.50","+","2.70","98.20","1","98.50","2","13.74",
"6582","申豐","76,000","64","3,982,600","52.60","52.90","52.10","52.10","-","0.10","52.20","1","52.30","1","13.53",
"6591","動力-KY","729,451","576","29,340,795","37.85","41.50","37.85","41.30","+","3.55","41.30","1","41.35","1","10.90",
"6605","帝寶","19,290","21","1,329,622","69.10","69.20","68.70","68.80","-","0.40","68.80","1","69.20","3","12.35",
"6625","必應","15,150","16","793,025","52.00","53.00","51.70","51.70","+","0.20","51.70","1","52.00","2","21.63",
"6641","基士德-KY","43,000","43","2,646,798","61.60","62.00","61.30","61.50","-","0.40","61.40","2","61.50","1","14.47",
"6655","科定","24,000","19","1,320,900","55.20","55.40","54.60","55.00"," ","0.00","54.60","2","54.90","1","17.86",
"6666","羅麗芬-KY","177,400","153","30,237,100","170.50","172.00","168.50","170.00","+","2.00","170.00","2","170.50","4","27.11",
"6668","中揚光","418,131","332","33,328,980","80.00","80.70","79.10","79.10","-","0.80","79.10","26","79.20","2","21.21",
"6670","復盛應用","374,770","303","55,079,960","147.50","148.00","146.50","146.50","-","1.00","146.50","16","147.00","12","9.71",
"6671","三能-KY","90,000","34","4,151,950","46.25","46.30","46.00","46.00","-","0.25","46.00","6","46.10","2","10.18",
"6674","鋐寶科技","146,000","110","5,704,250","39.30","39.55","38.60","38.60","-","0.30","38.60","3","38.70","10","11.00",
"8011","台通","2,180,723","1,023","39,339,195","17.60","18.25","17.55","18.25","+","0.75","18.20","12","18.25","43","0.00",
"8016","矽創","1,153,380","964","132,138,620","116.00","117.50","112.50","113.50","-","3.50","113.00","23","113.50","2","15.40",
"8021","尖點","119,224","184","2,191,259","18.30","18.50","18.30","18.35"," ","0.00","18.35","25","18.40","4","10.55",
"8028","昇陽半導體","412,280","326","15,353,285","37.50","37.70","37.00","37.00","-","0.20","37.00","12","37.10","2","32.46",
"8033","雷虎","133,575","101","1,113,881","8.34","8.37","8.33","8.35"," ","0.00","8.35","6","8.37","20","0.00",
"8039","台虹","1,587,635","1,008","57,256,858","36.70","36.75","35.80","35.90","-","0.60","35.90","8","36.05","3","11.51",
"8046","南電","5,316,295","2,505","194,361,962","36.65","36.90","36.20","36.20","+","0.20","36.20","20","36.25","9","0.00",
"8070","長華","42,604","35","5,595,624","131.00","131.50","130.50","131.00"," ","0.00","130.50","8","131.00","1","11.33",
"8072","陞泰","18,260","21","381,446","21.00","21.00","20.80","20.95","-","0.20","20.90","2","21.00","11","0.00",
"8081","致新","34,048","61","2,182,591","63.70","64.40","63.70","64.10","-","0.40","64.10","7","64.50","23","13.47",
"8101","華冠","242,000","68","779,337","3.26","3.27","3.20","3.21","-","0.05","3.20","13","3.21","8","0.00",
"8103","瀚荃","56,399","59","1,385,890","24.60","24.70","24.50","24.70","+","0.15","24.60","2","24.75","10","12.05",
"8104","錸寶","896,654","644","67,897,904","76.00","76.60","74.50","75.90","+","0.10","75.90","5","76.00","17","12.03",
"8105","凌巨","188,038","109","1,822,393","9.68","9.71","9.67","9.69","+","0.01","9.69","6","9.71","4","16.71",
"8110","華東","863,500","194","9,840,249","11.30","11.45","11.30","11.40","+","0.05","11.40","62","11.45","201","10.65",
"8112","至上","1,769,653","697","51,428,508","29.10","29.15","29.00","29.05"," ","0.00","29.00","115","29.05","4","6.97",
"8114","振樺電","225,835","209","24,150,925","106.00","108.50","105.00","106.50","+","1.50","106.50","10","107.00","13","9.06",
"8131","福懋科","238,100","161","7,881,930","33.00","33.30","32.90","33.10","+","0.10","33.10","103","33.20","8","9.25",
"8150","南茂","2,178,778","1,528","55,419,692","25.45","25.70","25.25","25.50"," ","0.00","25.45","16","25.50","11","24.76",
"8163","達方","5,662,795","3,729","248,216,534","43.40","44.20","43.35","43.85","+","1.20","43.85","6","43.90","7","9.08",
"8201","無敵","34,126","26","440,012","12.95","12.95","12.85","12.85"," ","0.00","12.80","6","12.85","5","0.00",
"8210","勤誠","829,132","618","40,009,655","49.45","49.75","47.55","47.80","-","1.20","47.80","4","47.85","3","11.09",
"8213","志超","261,068","204","7,570,434","29.05","29.10","28.90","28.95","+","0.05","28.90","18","29.00","8","8.11",
"8215","明基材","16,108,573","6,120","321,051,660","19.45","20.40","19.45","20.00","+","1.05","19.95","69","20.00","36","17.54",
"8222","寶一","299,135","239","5,507,261","18.65","18.75","18.10","18.35","-","0.25","18.35","1","18.40","1","30.58",
"8249","菱光","40,024","42","819,532","20.50","20.50","20.45","20.50"," ","0.00","20.45","16","20.55","5","16.94",
"8261","富鼎","660,296","519","20,646,476","31.50","31.50","30.95","31.00","+","0.05","31.00","13","31.05","6","16.06",
"8271","宇瞻","107,627","117","3,229,960","29.80","30.15","29.80","30.00","+","0.20","29.90","12","30.00","11","7.19",
"8341","日友","839,756","657","208,970,476","242.50","254.50","240.50","247.00","+","4.50","247.00","3","247.50","2","37.09",
"8367","建新國際","71,005","60","1,717,870","24.35","24.50","23.90","23.90","-","0.45","23.90","6","24.00","5","16.60",
"8374","羅昇","366,299","230","7,855,923","21.95","21.95","21.25","21.30","-","0.40","21.30","1","21.35","2","11.70",
"8404","百和興業-KY","124,404","95","5,120,585","41.30","41.40","41.05","41.10"," ","0.00","41.10","7","41.15","1","45.67",
"8411","福貞-KY","166,135","54","2,538,202","15.30","15.45","15.20","15.30"," ","0.00","15.30","4","15.35","5","0.00",
"8422","可寧衛","71,239","94","12,149,108","170.50","171.00","170.00","171.00","+","1.00","170.50","14","171.00","30","13.39",
"8427","基勝-KY","3,000","3","119,300","39.50","40.00","39.50","39.80","+","0.05","39.50","1","39.80","3","0.00",
"8429","金麗-KY","805,650","370","14,302,114","17.85","17.90","17.65","17.70","-","0.15","17.70","1","17.75","1","9.57",
"8442","威宏-KY","48,000","31","2,827,600","59.40","59.40","58.50","59.30","-","0.10","58.90","1","59.20","3","0.00",
"8443","阿瘦","97,044","54","1,155,556","11.95","12.10","11.90","11.90","-","0.05","11.90","6","11.95","6","24.29",
"8454","富邦媒","250,789","260","55,942,736","221.00","226.00","220.00","225.50","+","6.50","225.50","6","226.00","9","22.48",
"8463","潤泰材","190,000","145","5,009,300","26.10","26.65","25.80","26.25","+","0.55","26.25","1","26.45","3","30.88",
"8464","億豐","277,743","272","72,778,666","262.50","264.50","259.50","260.00","-","2.50","259.50","5","260.00","1","21.51",
"8466","美吉吉-KY","5,000","5","287,100","57.80","58.00","57.10","57.10","-","0.60","57.00","1","57.70","2","12.55",
"8467","波力-KY","45,000","33","1,387,950","30.90","31.65","30.20","31.10","+","0.30","31.10","1","31.45","12","15.02",
"8473","山林水","56,521","56","3,312,939","58.70","58.70","58.40","58.40","-","0.20","58.20","2","58.40","1","19.80",
"8478","東哥遊艇","35,000","30","1,485,350","42.60","42.90","42.05","42.30","-","0.30","42.25","3","42.70","1","49.76",
"8480","泰昇-KY","9,030","8","1,184,930","131.00","131.50","131.00","131.50","+","0.50","131.50","1","132.00","3","17.72",
"8481","政伸","13,000","9","674,700","52.00","52.40","51.60","51.60","-","0.20","51.50","1","52.30","2","15.64",
"8482","商億-KY","475,000","204","63,397,500","132.00","135.00","131.50","134.50","+","2.50","134.00","16","134.50","11","14.05",
"8488","吉源-KY","1,000","1","16,750","16.75","16.75","16.75","16.75","+","0.35","16.05","4","16.55","1","0.00",
"8497","格威傳媒","20,000","14","955,050","47.75","47.80","47.70","47.80","-","0.15","47.80","5","48.35","1","14.18",
"8499","鼎炫-KY","289,097","231","26,400,324","93.10","93.80","89.90","90.60","-","2.40","90.60","1","91.20","6","13.67",
"8926","台汽電","509,466","273","12,867,301","25.30","25.30","25.20","25.30","+","0.05","25.25","27","25.30","15","16.11",
"8940","新天地","22,710","8","279,404","12.30","12.30","12.30","12.30"," ","0.00","12.30","1","12.35","6","0.00",
"8996","高力","76,006","65","2,868,522","37.70","37.90","37.50","37.70","+","0.20","37.60","3","37.80","8","14.90",
"9103","美德醫療-DR","189,000","34","224,680","1.19","1.19","1.18","1.19"," ","0.00","1.18","103","1.19","4","0.00",
"910322","康師傅-DR","3,000","3","61,200","20.40","20.40","20.40","20.40","-","0.25","20.35","2","20.60","7","0.00",
"910482","聖馬丁-DR","251,948","27","78,645","0.30","0.33","0.29","0.31","+","0.01","0.30","14","0.31","60","0.00",
"9105","泰金寶-DR","1,355,999","235","3,295,437","2.40","2.45","2.40","2.43","+","0.03","2.42","228","2.43","14","0.00",
"910708","恒大健-DR","0","0","0","--","--","--","--"," ","0.00","--","0","3,300.00","1","0.00",
"910861","神州-DR","99,000","21","654,080","6.64","6.64","6.60","6.60"," ","0.00","6.60","13","6.70","7","0.00",
"9110","越南控-DR","904,000","184","2,542,330","2.74","3.10","2.59","3.07","+","0.24","2.88","10","3.07","5","0.00",
"911608","明輝-DR","156,000","32","190,510","1.28","1.28","1.19","1.19","-","0.11","1.19","1","1.20","4","0.00",
"911616","杜康-DR","196,000","41","176,260","0.89","0.93","0.89","0.90","-","0.01","0.89","7","0.93","14","0.00",
"911619","耀傑-DR","55,000","4","34,650","0.63","0.63","0.63","0.63","-","0.06","--","0","0.63","1","0.00",
"911622","泰聚亨-DR","0","0","0","--","--","--","--"," ","0.00","5.40","3","--","0","0.00",
"911868","同方友友-DR","54,000","7","76,580","1.42","1.42","1.36","1.38","-","0.04","1.36","7","1.39","5","0.00",
"912000","晨訊科-DR","71,000","17","170,590","2.40","2.41","2.39","2.41"," ","0.00","2.37","10","2.41","2","0.00",
"912398","友佳-DR","221,000","6","1,480,750","6.70","6.75","6.70","6.75","+","0.05","6.75","1","6.98","2","0.00",
"9136","巨騰-DR","128,000","33","1,026,180","8.06","8.07","8.00","8.00","-","0.06","8.00","11","8.01","2","0.00",
"9157","陽光能源-DR","13,001","5","9,090","0.69","0.73","0.69","0.73","+","0.01","0.69","12","0.73","44","0.00",
"9188","精熙-DR","27,000","5","122,440","4.53","4.56","4.52","4.53","+","0.01","4.53","25","4.56","5","0.00",
"9802","鈺齊-KY","376,438","288","22,094,404","58.60","59.40","58.00","58.00","-","0.60","58.00","17","58.50","21","11.62",
"9902","台火","92,214","102","850,369","9.21","9.30","9.18","9.30","+","0.05","9.22","1","9.30","10","465.00",
"9904","寶成","3,616,081","2,099","130,046,662","36.10","36.15","35.80","36.15","+","0.10","36.10","2","36.15","150","8.65",
"9905","大華","54,002","40","1,334,502","24.50","24.80","24.50","24.70","+","0.20","24.70","3","24.75","3","15.44",
"9906","欣巴巴","66,000","35","733,300","11.20","11.20","11.05","11.05","-","0.10","11.05","4","11.15","18","22.10",
"9907","統一實","1,456,738","524","18,862,717","12.80","13.05","12.75","13.00","+","0.15","12.95","29","13.00","6","16.25",
"9908","大台北","42,061","28","1,228,680","29.10","29.25","29.10","29.20","+","0.10","29.15","4","29.20","10","21.31",
"9910","豐泰","726,920","649","136,164,499","190.50","190.50","185.50","187.50","-","0.50","187.50","37","188.00","64","25.27",
"9911","櫻花","76,501","71","2,864,954","37.30","37.60","37.30","37.45","+","0.15","37.40","7","37.45","1","10.40",
"9912","偉聯","27,240","53","245,510","9.02","9.06","8.97","9.01","+","0.01","8.98","1","9.04","1","30.03",
"9914","美利達","1,063,553","773","160,268,897","152.00","152.50","149.50","149.50","-","2.00","149.50","24","150.00","106","38.53",
"9917","中保科","96,110","89","8,333,588","86.90","86.90","86.50","86.60","-","0.30","86.50","4","86.70","9","19.86",
"9918","欣天然","773","38","25,654","--","--","--","--"," ","0.00","33.20","7","33.40","2","26.35",
"9919","康那香","173,040","114","1,778,290","10.25","10.35","10.25","10.25","+","0.10","10.25","4","10.30","14","0.00",
"9921","巨大","646,228","488","102,975,864","160.50","161.00","158.00","159.00","-","1.50","158.50","3","159.00","54","27.13",
"9924","福興","79,428","49","2,801,456","35.30","35.30","35.10","35.30"," ","0.00","35.20","5","35.25","6","10.63",
"9925","新保","152,679","152","5,775,313","37.80","37.90","37.70","37.90","+","0.25","37.70","9","37.90","23","16.62",
"9926","新海","14,081","14","563,340","40.00","40.05","40.00","40.00"," ","0.00","39.90","5","40.05","2","21.05",
"9927","泰銘","92,425","69","2,926,950","31.75","31.90","31.55","31.65"," ","0.00","31.65","8","31.85","16","10.69",
"9928","中視","4,042","6","19,812","4.88","4.97","4.88","4.97","+","0.37","4.63","2","4.95","1","0.00",
"9929","秋雨","235,253","16","3,623,370","15.40","15.55","15.10","15.50","+","0.10","15.10","9","15.50","3","155.00",
"9930","中聯資源","33,700","35","1,751,200","51.90","52.00","51.90","52.00","+","0.10","51.90","7","52.00","2","16.10",
"9931","欣高","100","21","3,200","--","--","--","--"," ","0.00","31.55","1","32.10","1","14.86",
"9933","中鼎","859,181","558","40,436,031","47.10","47.25","46.75","47.00","-","0.10","47.00","88","47.15","2","18.43",
"9934","成霖","438,150","203","7,368,320","16.80","16.95","16.70","16.90","+","0.10","16.85","8","16.90","82","12.16",
"9935","慶豐富","503,046","242","10,212,125","20.30","20.40","20.20","20.40","+","0.25","20.30","4","20.40","85","14.89",
"9937","全國","10,014","20","404,910","40.75","40.75","40.40","40.40"," ","0.00","40.40","2","40.65","9","16.16",
"9938","百和","8,062,829","4,579","555,723,058","67.10","70.30","66.80","68.40","+","1.30","68.30","1","68.40","26","15.34",
"9939","宏全","660,322","446","32,793,664","49.95","50.30","49.40","49.75","-","0.20","49.70","7","49.75","2","12.72",
"9940","信義","125,879","102","3,901,899","31.00","31.15","30.90","31.00"," ","0.00","31.00","20","31.05","14","18.90",
"9941","裕融","238,445","197","23,827,707","100.00","100.50","99.50","99.90","+","0.20","99.70","1","99.90","3","11.11",
"9941A","裕融甲特","29,149","33","1,512,828","51.80","52.00","51.80","52.00","+","0.10","51.90","38","52.00","34","0.00",
"9942","茂順","36,000","25","2,532,000","70.40","70.40","70.10","70.30","-","0.10","70.30","7","70.40","10","12.64",
"9943","好樂迪","371,535","317","23,827,875","63.40","65.00","63.40","64.90","+","1.60","64.50","3","64.90","5","11.08",
"9944","新麗","14,000","12","226,550","16.25","16.25","16.05","16.20"," ","0.00","16.05","4","16.20","5","180.00",
"9945","潤泰新","923,939","609","42,840,955","46.30","46.55","46.25","46.45","+","0.15","46.35","3","46.45","15","2.89",
"9946","三發地產","233,667","81","2,943,502","12.60","12.70","12.50","12.55","-","0.05","12.50","27","12.55","11","8.96",
"9955","佳龍","28,518","27","343,237","11.95","12.10","11.95","12.00","+","0.10","12.00","4","12.05","1","0.00",
"9958","世紀鋼","7,182,771","4,468","476,125,511","65.80","67.50","65.20","66.30","+","1.90","66.20","73","66.30","8","255.00",
